10000
2759
2737
2730
2703
2763
2742
2715
2722
2739
2736
2742
2738
2702
2741
2739
2715
2722
2841
2701
2743
2708
2740
2722
2774
2726
2735
2749
2701
2736
2712
2745
2689
2728
2713
2731
2707
2748
2698
2701
2698
2702
2735
2722
2694
2701
2698
2737
2702
2719
2747
2741
2705
2719
2692
2709
2708
2695
2715
2701
2731
2718
2745
2690
2714
2720
2690
2708
2738
2691
2703
2709
2735
3412
2747
2785
2714
2699
2707
2713
2712
2726
2736
2697
2696
2735
2716
2698
2697
2764
2704
2751
2724
2736
2704
2692
2735
2740
2732
2732
2724
2695
2699
2696
2746
2696
2718
2700
2754
2721
2724
2764
2708
2703
2691
2715
2728
2747
2697
2731
2735
2697
2722
2739
2698
2713
2754
2742
2732
2755
2718
2745
2697
2690
2724
2771
2690
2703
2698
2719
2758
2736
2693
2724
2715
2709
2842
2756
2745
2734
2744
2697
2752
2762
2732
2747
2701
2698
2744
2765
2743
2737
2784
2722
2725
2750
2730
2711
2691
2698
2803
2758
2704
2729
2734
2697
2697
2754
2742
2718
2690
2764
2698
2767
2692
2717
2759
2692
2725
2760
2724
2702
2730
2719
2698
2755
2758
2732
2722
2743
2696
3085
3039
2735
2741
2769
2770
2791
2733
2815
2727
2749
2756
2739
2738
2763
2762
2768
2729
2738
2760
2752
2729
2772
2762
2752
2746
2776
2790
2726
2738
2755
2716
2699
2690
2749
2694
2726
2701
2701
2722
2733
2685
2712
2721
2685
2757
2720
2685
2724
2728
2745
2691
2720
2715
2735
2721
2685
2692
2732
2685
2708
2694
2726
2731
2709
2733
2730
2709
2735
2731
2722
2755
2731
2715
2737
2691
2691
2687
2708
2722
2716
2689
2748
2721
2726
2741
2714
2734
2730
2735
2729
2720
2878
2756
2695
3248
2734
2772
2702
2802
2694
2713
2696
2724
2698
2714
2726
2754
2712
2729
2693
2738
2714
2712
2705
2742
2708
2741
2730
2732
2744
2706
2689
2730
2749
2703
2703
2688
2753
2686
2734
2735
2736
2734
2699
2734
2747
2713
2735
2732
2746
2737
2691
2730
2748
2692
2713
2698
2722
2703
2725
2690
2759
2732
2692
2695
2727
2698
2719
2726
2700
2689
2696
2715
2724
2721
2701
2725
2708
2709
2721
2748
2698
2690
2701
2720
2702
2713
2698
2752
2695
2765
2762
2772
3211
2892
2800
2714
2796
2735
2725
2717
2698
2731
2733
2727
2732
2710
2746
2733
2717
2717
2729
2692
2722
2726
2732
2715
2710
2732
2724
2714
2721
2721
2731
2692
2738
2740
2746
2726
2704
2731
2710
2725
2733
2728
2744
2733
2732
2693
2713
2698
2738
2712
2700
2709
2724
2720
2702
2721
2724
2717
2704
2697
2711
2722
2685
2742
2713
2713
2698
2706
2688
2748
2734
2705
2696
2711
2714
2694
2729
2753
2728
2732
2762
2775
2773
2746
2784
2772
2732
2776
2734
2787
2742
2726
2732
2732
2732
2731
2762
2795
2776
2753
2734
2731
2738
2777
2726
2736
2772
2726
2768
2733
2769
2734
2777
2731
2749
2762
2777
2726
2731
2737
2737
2767
2763
2732
2728
2730
2737
2838
2889
2738
3258
2806
2739
2745
2837
2769
2733
2744
2776
2733
2756
2774
2785
2726
2716
2748
2708
2697
2710
2712
2745
2748
2708
2736
2719
2706
2708
2734
2749
2745
2770
2731
2787
2742
2732
2791
2726
2781
2732
2743
2744
2743
2771
2749
2773
2732
2731
2773
2725
2795
2746
2899
3165
2798
2754
2755
2763
2760
2784
2726
2731
2731
2755
2734
2732
2725
2792
2749
2774
2740
2771
2739
2771
2743
2792
2765
2769
2734
2748
2777
2779
2754
2786
2755
2761
2819
2755
2777
2743
2780
2763
2731
2775
2810
2809
2726
2752
2767
2777
2733
2743
2742
2781
2748
2727
2754
2733
2739
2790
2760
2774
2725
2748
2734
2770
2741
2752
2744
2731
2750
2768
2777
2732
2730
2751
2750
2737
2731
2792
2767
2726
2737
2749
2726
2730
2737
2744
2730
2759
2732
2792
2763
2737
2744
2732
2737
2771
2749
2732
2757
2775
2746
2733
2737
2779
2764
2735
2789
2733
2743
2767
2732
2725
2784
2776
2731
2759
2758
2736
2731
2747
2737
2726
2765
2750
2770
2777
2732
2753
2776
2732
2731
2774
2730
2733
2725
2794
2784
2727
2753
2742
2726
2772
2776
2760
2732
2693
2699
2708
2709
2731
2756
2733
2732
2748
2749
2733
2726
2732
2767
2770
2733
2756
2770
2726
2884
2742
2953
2787
2734
2732
2831
2737
2737
2745
2781
2733
2711
2721
2700
2758
2698
3071
3965
2737
2695
2827
2778
2735
2761
2736
2726
2733
2779
2772
2776
2776
2751
2726
2743
2776
2742
2729
2732
2726
2771
2738
2726
2731
2768
2749
2754
2779
2734
2770
2770
2754
2738
2732
2760
2783
2732
2731
2742
2771
2752
2731
2727
2758
2748
2772
2732
2748
2726
2732
2750
2744
2732
2757
2726
2784
2753
2733
2725
2786
2732
2725
2762
2734
2726
2768
2731
2766
2764
2700
2692
2823
2701
2700
2801
2700
2696
2690
2744
2707
2754
2734
2697
2704
2732
2728
2734
2735
2737
2698
2753
2698
2757
2725
2783
2697
2698
2726
2742
2733
2742
2766
2691
2782
2729
2769
2700
2703
2692
2757
2767
2772
2736
2712
2706
2692
2724
2761
2743
2733
2727
2711
2721
2740
2691
2840
2722
2697
2723
2724
2740
2692
2757
2735
2781
2759
2748
2727
2770
2749
2794
2773
2755
2774
2725
2770
2970
2760
2786
2781
2731
2751
2785
2766
2727
2747
2733
2725
2776
2752
2730
2768
2769
2729
2754
2781
2730
2736
2738
2772
2730
2719
2696
2691
2698
2721
2726
2741
2876
3135
2862
2704
2725
2731
2717
2750
2690
2698
2698
2730
2699
2698
2691
2736
2696
2725
2699
2711
2774
3383
2707
2796
2743
2843
2735
2758
2726
2792
2733
2736
2744
2732
2752
2769
2761
2726
2739
2735
2732
2785
2747
2839
2727
2745
2769
2774
2734
2765
2772
2776
2778
2784
2770
2761
2739
2726
2732
2772
2732
2746
2732
2726
2747
2770
2756
2743
2757
2731
2752
2762
2731
2686
2711
2738
2732
2747
2745
2701
2695
2719
2733
2760
2792
2736
2734
2751
2733
2783
2811
2734
2725
2753
2732
2776
2799
2780
2776
2726
2755
2771
2770
2744
2750
2725
2768
2791
2766
2776
2760
2740
2725
2805
2768
2766
2766
2763
2742
2786
2787
2738
2762
2732
2734
2752
2801
2733
2724
2738
2777
2753
2767
2750
2700
2733
2688
2688
2692
2718
2704
2685
2687
2701
2704
2688
2687
2696
2747
2688
2732
2750
2731
2727
2767
2779
2728
2733
2733
2755
2733
2757
2733
2743
2759
2765
2725
2781
2730
2726
2736
2774
2726
2731
2741
2731
2731
2757
2772
2728
2791
2733
3043
3137
2759
2769
2762
2751
2743
2727
2793
2734
2765
2733
2777
2726
2731
2750
2734
2726
2731
2751
2727
2733
2732
2749
2765
2748
2726
2769
2760
2777
2726
2773
2731
2726
2768
2761
2771
2768
2759
2761
2738
2733
2732
2775
2768
2734
2731
2774
2734
2769
2761
2776
2739
2748
2756
2737
3443
2752
2829
2772
2833
2734
2786
2772
2780
2862
2762
2773
2742
2775
2737
2733
2726
2751
2738
2733
2733
2751
2773
2771
2731
2749
2726
2731
2732
2791
2745
2754
2825
2727
2733
2737
2726
2732
2831
2727
2732
2758
2726
2771
2790
2720
2693
2717
2735
2730
2761
2737
2730
2718
2725
2685
2726
2751
2683
2698
2701
2698
2732
2771
2725
2733
2720
2731
2740
2745
2709
2693
2729
2719
2722
2776
2710
2692
2711
2722
2722
2754
2716
2708
2695
2721
2747
2765
2699
2740
2691
2719
2726
2755
2733
2770
2727
2732
2762
2822
2733
2735
2726
2781
2750
2769
2764
2749
2732
2726
2761
2773
2726
2770
2768
2726
2734
2766
2757
2727
2749
2744
2775
2795
2733
2758
3185
3335
2876
2779
2697
2731
2693
2721
2735
2767
2692
2733
2698
2719
2723
2769
2731
2709
2704
2735
2706
2799
2703
2715
2726
2731
2692
2773
2743
2690
2689
2694
2685
2756
2755
2712
2696
2697
2691
2714
2758
2736
2765
2696
2690
2711
2745
2734
2704
2698
2697
2733
2728
2694
2696
2713
2735
2719
2717
2712
2737
2696
2711
2704
2720
2711
2691
2702
2697
2703
2750
2720
2691
2694
2757
2737
2766
2761
2734
2725
2762
2764
2764
2769
2733
2726
2772
2754
2770
2727
2733
2732
2726
3491
2792
2733
2807
2734
2739
2777
2751
2743
2744
2769
2732
2739
2776
2734
2732
2725
2755
2732
2767
2736
2732
2772
2740
2736
2755
2740
2732
2726
2729
2732
2772
2762
2730
2772
2799
2766
2770
2767
2733
2758
2726
2787
2801
2733
2726
2760
2867
2732
2700
2688
2685
2709
2687
2698
2702
2730
2685
2697
2710
2731
2709
2797
2686
2735
2734
2714
2721
2709
2748
2731
2704
2721
2733
2692
2706
2695
2727
2688
2690
2736
2736
2685
2694
2730
2722
2726
2710
2685
2812
3053
3650
2794
2774
2768
2769
2775
2732
2758
2772
2752
2757
2732
2750
2771
2775
2743
2744
2744
2725
2819
2737
2726
2736
2731
2757
2787
2757
2735
2726
2760
2734
2753
2772
2732
2726
2731
2750
2766
2775
2751
2774
2724
2758
2758
2726
2731
2743
2726
2731
2761
2726
2773
2756
2778
2747
2770
2732
2726
2737
2775
2726
2776
2744
2725
2768
2729
2725
2764
2756
2733
2725
2777
2749
2757
2762
2770
2726
2767
2768
2766
2775
2744
2777
2743
2759
2754
2755
2745
2790
2726
2783
2772
2732
2775
2756
2743
2777
2806
2804
2730
2743
2754
2754
2804
2734
2724
2759
2758
2733
2801
2768
2737
2725
2779
2768
2773
2733
2766
2725
2774
2731
2835
2772
2731
2733
2768
2762
2886
2742
2778
2828
3296
2803
2750
2724
2808
2715
2739
2734
2809
2736
2721
2695
2707
2746
2745
2714
2728
2718
2738
2737
2750
2792
2723
2692
2717
2716
2747
2685
2688
2722
2719
2746
2745
2703
2713
2735
2715
2712
2738
2697
2734
2702
2730
2693
2743
2742
2735
2735
3129
3297
3111
2797
2770
2735
2756
2853
2780
2738
2713
2735
2779
2737
2799
2711
2738
2702
2692
2721
2799
2712
2721
2763
2852
2770
2820
2722
2692
2726
2699
2706
2774
2736
2748
2692
2697
2685
2739
2735
2721
2757
2710
2730
2745
2734
2731
2737
2692
2711
2770
2743
2727
2733
2748
2745
2761
2732
2714
2685
2691
2714
2747
2741
2739
2745
2706
2735
2751
2788
2703
2695
2731
2737
2763
2761
2733
2719
2711
2690
2727
2862
2732
2709
2709
2720
2781
2761
2705
2727
2723
2736
2720
2781
2731
2717
2706
2714
2731
2776
2808
2691
2708
2708
2751
2774
2741
2737
2718
2697
2742
2763
2743
2695
2748
2718
2711
2751
2730
2697
2731
2700
2698
2736
2801
2728
2691
2735
2733
2744
2764
2715
2756
2735
2716
2736
2737
2729
2742
2756
2698
2731
2768
2740
2697
2691
2735
2753
2751
2701
2704
2714
2691
2753
2758
2778
2698
2699
2696
2751
2763
2698
2705
2723
2691
2730
2864
2719
2700
2699
3000
2715
2748
2746
2793
2699
2698
2708
2790
2700
2717
2696
3206
3807
4274
2734
2698
2708
2745
2718
2740
2692
2685
2697
2691
2704
2738
2755
2695
2705
2705
2710
2693
2756
2734
2691
2716
2714
2699
2696
2696
2735
2709
2746
2737
2701
2712
2690
2739
2733
2698
2698
2696
2700
2692
2708
2702
2735
2698
2701
2698
2721
2697
2689
2702
2724
2692
2703
2721
2692
2735
2704
2737
2697
2709
2697
2702
2696
2706
2698
2742
2735
2741
2702
2698
2704
2741
2723
2690
2756
2703
2692
2720
2736
2689
2704
2707
2733
2736
2728
2737
2715
2721
2700
2742
2723
2704
2691
2744
2712
2741
2731
2730
2706
2698
2701
2703
2738
2706
2713
2694
2725
2690
2737
2717
2696
2735
2727
2770
2721
2718
2696
2734
2743
2701
2711
2746
2696
2739
2701
2750
2727
2818
2702
2773
2728
2699
2711
2726
2707
2697
2734
2740
2721
2704
2696
2734
2691
2697
3071
2744
2692
2725
2717
2718
2727
2725
2796
2698
2710
2691
2738
2710
2691
2738
2711
2692
2707
2717
2706
2742
2697
2731
2710
2803
2745
2690
2748
2742
2718
2765
2712
2736
2703
2886
4361
4766
4110
3558
2808
2803
2747
2736
2733
2747
2771
2785
2727
2776
2767
2771
2757
2808
2866
2795
2739
3304
2784
2811
2756
3317
2850
2703
2756
2778
2736
2741
2697
2694
2766
2755
2729
2803
2735
2726
2782
2776
2727
2769
2732
2759
2785
2772
2734
2727
2760
2738
2771
2859
2801
2785
2732
2763
2820
2774
2764
2743
2725
2793
2779
2769
2844
2757
2772
2732
2789
2794
2834
2772
2785
2725
2883
2805
2762
2734
2759
2758
2772
2772
2735
2741
2778
2733
2749
2792
2749
2771
2731
2752
2771
2753
2767
2770
2771
2731
2751
2762
2804
2732
2788
2732
2753
2762
2753
2733
2732
2731
2761
2779
2728
2776
2753
2726
2792
2797
2774
2725
2761
2732
2778
2767
2743
2724
2750
2739
2772
2788
2774
2764
2772
2731
2773
2764
2795
2771
2725
2738
2760
2787
2775
2732
2778
2740
2772
2767
2772
2839
2786
2726
2805
2791
2778
2770
2731
2747
2755
2791
2789
2774
2777
2779
2779
2769
2749
2738
2752
2783
2777
2768
2808
2744
2726
2801
3565
3341
2708
2756
2693
2709
2739
2774
2734
2712
2708
2711
2750
2745
2728
2751
2767
2743
2719
2747
2718
2697
2761
2703
2774
2766
2791
2734
2735
2731
2781
2762
2769
2733
2759
2726
2759
2811
2751
2774
2733
2770
2791
2797
2728
2733
2748
2775
2752
2785
2732
2761
2733
2745
2804
2807
2881
2790
3069
2972
2800
2813
2833
2734
2744
2690
2735
2739
2723
2715
2706
2694
2768
2775
2692
2688
2723
2730
2760
2741
2738
2700
2691
2738
2767
2735
2702
2685
2742
2739
2741
2746
2751
2733
2700
2727
2747
2744
2711
2729
2722
2738
2755
2748
2703
2739
2731
2688
2742
2751
2706
2751
2731
2734
2729
2728
2694
2687
2697
2693
2726
2751
2690
2712
2745
2696
2719
2774
2772
2849
2742
2797
2733
2765
2753
2740
2730
2733
2724
2781
2732
2756
2765
2741
2726
2752
2736
2726
2775
2749
2726
2785
2761
2775
2744
2750
2740
2737
2752
2773
2726
2736
2777
2783
2776
2775
2732
2726
2739
2757
2734
2759
2740
2771
2731
2744
2726
2732
2780
2726
2730
3128
3265
2748
2737
2722
2702
2711
2715
2711
2736
2697
2728
2703
2744
2705
2760
2734
2713
2702
2721
2702
2734
2696
2728
2704
3258
2722
2735
2692
2698
2712
2709
2744
2735
2760
2697
2742
2746
2739
2815
2731
2702
2718
2726
2732
2701
2704
2684
2714
2722
2742
2728
2734
2686
2755
2721
2698
2689
2728
2692
2732
2730
2741
2698
2725
2704
2717
2743
2697
2718
2718
2712
2692
2708
2822
2702
2728
2755
2688
2719
2757
2731
2755
2736
2736
2721
2720
2699
2730
2759
2696
2720
2715
2718
2874
3038
2930
2772
2704
2794
2699
2718
2739
2729
2710
2728
2763
2698
2705
2712
2732
2692
2710
2703
2692
2722
2749
2691
2708
2695
2715
2726
2725
2692
2725
2739
2692
2752
2745
2699
2690
2708
2759
2702
2709
2698
2720
2697
2696
2691
2747
2742
2715
2699
2717
2692
2717
2717
2737
2739
2714
2692
2734
2714
2695
2737
2795
2705
2732
2743
2732
2736
2695
2741
2725
2716
2699
2706
2737
2717
2701
2751
2705
2743
2736
2751
2710
2701
2712
2760
2691
2739
3504
3840
3620
2846
2732
2726
2715
2718
2717
2702
2692
2700
2723
2692
2726
2721
2737
2717
2720
2719
2711
2726
2692
2720
2749
2692
2704
2725
2693
2740
2697
2757
2691
2742
2698
2732
2741
2758
2691
2739
2742
2691
2698
2731
2697
2738
2714
2690
2710
2708
2741
2700
2707
2740
2727
2714
2700
2691
2727
2703
2692
2722
2696
2700
2743
2697
2697
2715
2741
2691
2730
2724
2692
2751
2717
2703
2714
2720
2728
2691
2708
2702
2728
2744
2732
2704
2735
2821
2780
2703
2706
2732
2713
2717
2764
2731
2703
2757
2708
2712
2703
2759
2705
2706
2699
2739
2738
2703
2728
2728
2730
2704
2735
2746
2697
2741
2736
2740
2734
2728
2730
2750
2715
2684
2735
2746
2729
2704
2749
2732
2693
2908
3147
2756
2773
2764
2847
2734
2732
2746
2768
2761
2850
2776
2735
2744
2751
2713
2737
2711
2734
2720
2757
2738
2735
2757
2813
2779
2783
2794
2742
2750
2745
2778
2774
2725
2737
2767
2739
2756
2750
2767
2732
2777
2732
2751
2788
2733
2771
2775
2758
2750
2732
3470
3041
2839
2747
2739
2741
2695
2728
2714
2697
2718
2719
2694
2695
2717
2696
2694
2697
2718
2695
2712
2739
2689
2737
2734
2734
2702
2732
2731
2731
2712
2688
2707
2728
2717
2754
2733
2727
2799
2732
2735
2785
2760
2738
2770
2732
2743
2752
2759
2759
2769
2733
2733
2780
2748
2763
2773
2724
2743
2765
2749
2740
2732
2726
2734
2753
2755
2734
2753
2741
2726
2748
2752
2750
2732
2778
2726
2771
2778
2810
2731
2755
2775
2762
2790
2777
2726
2732
2732
2740
2756
2761
2726
2731
2732
2741
2753
2734
2731
2727
2732
2770
2748
2766
2745
2727
2773
2761
2770
2776
2753
2733
2725
2766
2755
2726
2764
2740
2726
2758
2767
2772
2771
2754
2776
2740
2769
2734
2726
2741
2732
2741
2794
2733
2770
2747
2733
2747
2752
2734
2733
2726
2759
2764
2778
2730
2733
2726
2732
2790
2750
2743
2733
2726
2731
2753
2795
2686
2734
2690
2730
2702
2766
2732
2711
2734
2700
3269
2805
2689
2800
2694
2732
2686
2771
2725
2722
2755
2718
2751
2842
2755
3134
3053
2751
2812
2801
2727
2736
2738
2726
2785
2789
2726
2734
2733
2726
2761
2778
2749
2733
2733
2733
2765
2779
2779
2727
2776
2745
2754
2812
2733
2726
2766
2734
2747
2797
2754
2746
2764
2742
2732
2762
2788
2761
2726
2731
2759
2829
2773
2733
2792
2757
2733
2789
2743
2738
2777
2770
2752
2838
2774
2757
2746
2732
2725
2811
2734
2802
2764
2762
2726
2781
2760
2769
2727
2745
2734
2827
2734
2747
2756
2759
2731
2802
2768
2733
2769
2726
2778
2797
2726
2767
2749
2770
2769
2856
2777
2731
2734
2737
2794
2769
2744
2730
2818
2732
2726
2768
2815
2784
2945
2787
2740
2749
2777
2765
2726
2738
2730
2784
2734
2738
2736
2771
2778
2753
2726
2751
2748
2726
2762
2785
2733
2733
2760
2735
2772
2744
2867
2744
2805
2764
2959
2764
2757
2733
2772
2733
2733
2740
2755
2733
2725
2732
2769
2755
2734
2752
2770
2731
2732
2739
2726
2764
2731
2737
2776
2741
2734
2771
2732
2726
2760
2751
2735
2769
2737
2770
2770
2770
2767
2749
3126
4124
2924
2715
2734
2712
2698
2691
2705
2698
2692
2728
2722
2690
2700
2705
2694
2739
2696
2696
2696
2881
2716
2690
2716
3276
2709
2820
2743
2815
2716
2691
2690
2696
2698
2798
2697
2712
2705
2770
2700
2723
2732
2694
2716
2798
2742
2715
2712
2695
2711
2771
2772
2730
2769
2750
2730
2746
2737
2739
2732
2725
2784
2714
2685
2694
2723
2714
2712
2714
2705
2705
2696
2733
2695
2725
2734
2727
2728
2733
2743
2728
2719
2732
2718
2695
2684
2731
2744
2733
2685
2709
2694
2732
2723
2706
2685
2691
2725
2727
2707
2702
2732
2719
2721
2732
2691
2739
2737
2694
2734
2736
2721
2735
2691
2699
2736
2733
2747
2765
2735
2691
2697
2748
2737
2746
2693
2710
2746
2711
2719
2761
2718
2699
2745
2711
2740
2716
2691
2712
2742
2698
2756
2709
2711
2698
2713
2703
2717
2708
2715
2703
2690
2695
2726
2788
2690
2698
2741
2692
2698
2731
2732
2698
2731
2692
2715
2732
2725
2735
2767
2770
2731
2804
2768
2773
2777
2754
3029
3098
2726
2751
3161
3774
3245
2717
2688
2695
2732
2689
2732
2719
2735
2684
2733
2709
2706
2727
2734
2692
2715
2707
2721
2734
2731
2699
2738
2697
2711
2712
2696
2691
2713
2725
2697
2717
2724
2748
2735
2705
2771
2806
2735
2763
2731
2736
2752
2794
2732
2732
2760
2731
2732
2754
2725
2737
2768
2773
2738
2821
2731
2734
2739
3274
2735
2766
2734
2818
2739
2766
2726
2774
2761
2747
2726
2778
2819
2757
2732
2733
2735
2771
2750
2789
2727
2755
2734
2726
2764
2741
2726
2729
2738
2737
2730
2757
2771
2732
2753
2736
2725
2735
2737
2771
2731
2769
2727
2766
2779
2743
2779
2758
2726
2731
2768
2777
2726
2751
2740
2726
2744
2741
2725
2740
2729
2725
2769
2767
2725
2780
2750
2770
2878
2747
2732
2725
2784
2762
2737
2731
2769
2726
2732
2761
2743
2757
2732
2749
2726
2732
2757
2745
2755
2732
2725
2773
2821
2734
2737
2776
2736
2772
2762
2762
2726
2731
2785
2761
2756
2741
2727
2747
2733
2734
2738
2759
2732
2725
2780
2732
2737
2738
2776
3543
4627
3299
2744
2736
2689
2728
2707
2724
2732
2718
2719
2733
2743
2749
2745
2702
2748
2769
2697
2710
2734
2691
2706
2746
2720
2721
2719
2692
2721
2698
2697
2707
2732
2697
2807
2718
2713
2710
2713
2703
2736
2703
2696
2724
2726
2705
2734
2697
2729
2723
2706
2717
2724
2697
2721
2706
2708
2698
2697
2697
2709
2738
2703
2744
2697
2689
2697
2737
2722
2705
2697
2710
2704
2701
2749
2765
2698
2704
2723
2717
2783
2730
2697
2739
2695
2691
2701
2719
2736
2735
2730
2736
2722
2729
2822
2740
3177
2793
2737
2729
2796
2703
2765
2694
2692
2739
2734
2745
2716
2688
2741
2726
2699
2690
2734
2698
2710
2709
2725
2692
2731
2709
2724
2709
2743
2735
2742
2697
2690
2746
2712
2690
2741
2704
2719
2722
2698
2716
2692
2720
2738
2717
2710
2736
2698
2734
2699
2703
2739
2721
2691
2719
2695
2723
2806
2708
2698
2720
2698
2744
2691
2742
2702
2736
2710
2736
2709
2744
2733
2714
2708
2716
2703
2729
2726
2690
2754
3361
2710
2696
2749
3169
3729
4498
4520
4775
3594
4718
4796
4815
4701
4841
4777
4684
4735
4771
5172
4713
4616
4899
3666
2760
2701
2693
2692
2758
2728
2724
2698
2758
2691
2744
2771
2753
2703
2715
2692
2714
2762
2691
2698
2743
2730
2742
2756
2714
2697
2698
2695
2744
2776
2707
2709
2724
2742
2725
2746
2753
2698
2699
2721
2735
2761
2759
2818
2725
2724
2697
2758
2751
2705
2697
2753
2743
2739
2740
2740
2690
2702
2730
2756
2754
2724
2717
2742
2742
2741
2744
2698
2734
2740
2744
2758
2733
2698
2718
2736
2702
2741
2784
2698
2702
2700
2730
2759
2748
2692
2729
2741
2691
2707
2796
2692
2701
2733
2709
2698
2760
2731
2988
2820
3427
2863
2779
2738
2848
2753
2756
2765
2780
2833
2742
2726
2795
2784
2773
2726
2799
2734
2770
2763
2812
2825
2777
2732
2778
2787
2812
2770
2743
2733
2765
2797
2788
2763
2759
2758
2732
2761
2792
2751
2741
2731
2775
2775
2786
2739
2761
2744
3673
3054
2785
2732
2690
2698
2718
2772
2743
2772
2745
2778
2733
2782
2821
2759
2732
2726
2772
2796
2765
2734
2767
2726
2771
2771
2781
2778
2778
2758
2773
2814
2788
2744
2808
2734
2732
2797
2788
2726
2732
2749
2773
2780
2769
2750
2771
2772
2731
2768
2804
2761
2750
2726
2764
2787
2780
2765
2751
2771
2753
2766
2759
2735
2771
2768
2754
2771
2788
2748
2745
2732
2758
2759
2772
2727
2769
2755
2731
2800
2806
2733
2784
2797
2733
2774
2802
2773
2726
2776
2753
2793
2796
2763
2732
2742
2742
2759
2772
2757
2733
2726
2789
2781
2768
2732
2791
2732
2725
2770
2799
2739
2737
2727
2712
2731
2719
2691
2739
2719
2696
2716
2716
2699
2689
2709
2724
2715
2712
2738
2736
2696
2695
2749
2730
2713
2690
2696
2696
2713
2759
2719
2721
2689
2722
2697
2718
2716
2696
2736
2725
2695
2736
2723
2696
2736
2708
2699
2731
2711
2732
2690
2697
2695
2723
2726
2700
2741
2886
2935
2789
2748
2735
2849
2855
2755
2802
2778
2743
2774
2770
3248
3050
2752
2777
2728
2740
2762
2769
2738
2733
2725
2802
2751
2791
2772
2735
2741
2770
2788
2779
2727
2730
2831
2733
2726
2765
2768
2770
2745
2732
2812
2809
2752
2733
2799
2752
2731
2757
2699
2688
2732
2734
2709
2734
2707
2743
2726
2704
2699
2730
2720
2711
2737
2711
2718
2703
2707
2751
2701
2690
2695
2738
2703
2696
2703
2717
2698
2719
2722
2757
2712
2692
2734
2766
2733
2702
2744
2704
2697
2696
2720
2747
2726
2699
2717
2724
2720
2692
2740
2705
2693
2697
2750
2702
2703
2704
2713
2735
2729
2707
2751
2697
2692
2691
2726
2725
2692
2722
2748
2691
2707
2714
2740
2731
2697
2733
2758
2725
2696
2697
2747
2690
2723
2714
2721
2743
2722
2750
2706
2729
2703
2717
2720
2899
2746
2746
2721
2701
2692
2745
2691
2931
2890
2775
2763
2769
2787
2823
2733
2735
2741
2738
2766
2772
2751
2825
2768
2770
2792
2786
2771
2732
2754
2777
2755
2797
2778
2770
2766
2750
2783
2770
2777
2748
2730
2761
2766
2779
2734
2749
2732
2762
3241
4362
2980
2686
2704
2720
2776
2744
2702
2731
2721
2692
2742
2730
2745
2691
2701
2715
2767
2710
2702
2694
2718
3420
2728
2774
2804
2809
2738
2741
2735
2718
2736
2795
2718
2730
2722
2785
2731
2730
2716
2708
2729
2764
2688
2712
2734
2697
2732
2729
2708
2691
2706
2734
2744
2703
2733
2712
3038
2982
3240
2999
2687
2740
2724
2730
2723
2713
2748
2698
2726
2736
2777
2732
2783
2695
2749
2734
2704
2753
2701
2692
2727
2732
2725
2712
2745
2735
2708
2698
2729
2751
2743
2741
2739
2717
2711
2703
2712
2718
2692
2700
2748
2716
2703
2712
2692
2708
2713
2704
2711
2758
2692
2695
2694
2746
2741
2720
2711
2735
2698
2728
2705
2734
2732
2782
2745
2756
2771
2754
2793
2726
2734
2745
2756
2725
2757
2739
2758
2769
2767
2732
2751
2746
2726
2780
2776
2730
2726
2759
2737
2767
2730
2744
2737
2733
2733
2772
2755
2731
2726
2802
2754
2778
2735
2792
2741
2727
2759
2807
2726
2775
2732
2772
2731
3429
2793
2741
2743
2747
2868
3693
2940
2779
2740
2728
2757
2741
2772
2767
2728
2731
2746
2757
2725
2734
2732
2732
2757
2752
2800
2754
2759
2743
2740
2769
2745
2726
2773
2753
2738
2742
2751
2780
2726
2775
2739
2726
2764
2743
2726
2768
2731
2726
2733
2751
2761
2726
2731
2766
2764
2732
2732
2733
2732
2732
2725
2770
2737
2726
2730
3328
2763
2770
2752
2733
2726
2812
2736
2743
2725
2778
2737
2765
2748
2734
2741
2742
2733
2802
2734
2739
2770
2731
2731
2801
2727
2752
2740
2726
2743
2753
2727
2732
2738
2772
2773
2756
2730
2726
2732
2733
2725
2758
2763
2726
2739
2742
2772
2768
2729
2726
2732
2776
2730
2726
2753
2772
2726
2746
2731
2761
2738
2731
2725
2742
2750
2743
2773
2753
2731
2732
2737
2741
2726
2733
2732
2772
2786
2768
2777
2776
2764
2775
2727
2730
2729
2727
2759
2738
2725
2732
2733
2771
2763
2767
2726
2774
2754
2735
2770
2733
2735
2771
2746
2749
2726
2756
2760
2726
2760
2753
2726
2776
2777
2743
2766
2747
2760
2726
2732
2825
2921
3195
3034
2793
2727
2736
2767
2726
2731
2752
2732
2726
2760
2732
2757
2744
2762
2726
2760
2750
2726
2751
2754
2786
2693
2693
2696
2733
2709
2729
2689
2692
2720
2763
2711
2738
2696
2696
2697
2685
2690
2701
2700
2697
2718
2733
2704
2692
2685
2691
2728
2688
2733
2717
2692
2695
2736
2746
2692
2708
2729
2722
2735
2721
2732
2729
2704
2731
2688
2743
2695
2733
2689
2724
2692
2807
2745
2714
2746
2718
2735
2756
2710
2691
2697
2734
2691
2696
2712
2709
2740
2745
2691
2721
2698
2690
2709
2873
2738
2691
2720
2968
2735
2732
2719
2742
2706
2698
2710
2710
2716
2708
2710
2717
2699
2692
2748
2706
2689
2695
2715
2699
2710
2697
2733
2726
2698
2702
2728
2698
2733
2696
2719
2734
2731
2703
2712
2691
2715
2718
2702
2698
2705
2696
2733
2696
2714
2720
2697
2689
2710
2719
2712
2738
2721
2729
2701
2717
2712
2743
2719
2704
2690
2751
2729
2708
2744
2778
2692
2772
2730
2723
2703
2697
2689
2712
2805
2705
2723
2715
2742
2691
2726
3179
3079
2862
2743
2710
2709
2700
2720
2689
2699
2711
2716
2777
2700
2691
2758
2725
2895
2710
2720
2742
2690
2716
2709
2704
2696
2735
2753
2710
2756
2754
2735
2704
2735
2711
2718
2729
2697
2758
2691
2740
2727
2724
2736
2698
2708
2705
2712
2719
2734
2720
2701
2691
2694
2750
2690
2712
2697
2733
2700
2698
2719
2697
2699
2690
2696
2726
2711
2690
2740
2732
2691
2696
2739
2691
2721
2743
2753
2716
2730
2737
2711
2724
2735
2695
2746
2695
2692
2697
2714
2695
2727
2696
2706
2718
2703
2735
2761
2706
2691
2695
2742
2690
2724
2708
2747
2702
2697
2690
2725
2707
2692
2713
2698
2697
2747
2708
2757
2735
2743
2716
2728
2744
2698
2708
2731
2744
2722
2722
2721
2692
2702
2744
2738
2879
2703
2731
2825
3149
2717
2725
2694
2762
2739
2713
2735
2704
2707
2861
2700
2692
2734
2714
2692
2708
2715
2768
2714
2709
2710
2695
2721
2697
2796
2725
2726
2690
2722
2740
2691
2769
2728
2692
2708
2698
2750
2723
2710
2735
2737
2717
2742
2749
2811
3507
3016
2768
2757
2778
2772
2751
2735
2725
2744
2749
2731
2764
2753
2731
2744
2780
2739
2725
2751
2777
2743
2761
2765
2726
2735
2730
2736
2743
2737
2732
2831
2762
2741
2744
2774
2745
2726
2742
2772
2771
2733
2758
2743
2725
2747
2758
2772
2758
2764
2770
2772
2754
2724
2730
2731
2692
2733
2722
2692
2730
2710
2728
2732
2749
2848
2745
2738
2705
2685
2719
2707
2732
2692
2709
2722
2723
2743
2688
2694
2701
2735
2706
2719
2711
2685
2690
2708
2744
2733
2724
2741
2698
2688
2697
2738
2728
2733
2689
2736
2707
2697
2692
2731
2698
2715
2734
2752
2737
2710
2730
2720
2697
2717
2701
2739
2701
2736
2734
2743
2706
2721
2733
2715
2712
2731
2697
2709
2731
2691
2732
2742
2734
2727
2745
2687
2700
2720
2712
2725
2710
2733
2740
2713
2728
2732
2718
2726
2732
2725
2737
2685
2701
2735
2711
2765
2735
2693
2716
2707
2730
2705
2753
2692
2695
2718
2707
2729
2767
2764
2840
2692
2970
3260
2865
2695
2763
2695
2708
2727
2734
2694
2953
4306
2914
2740
2753
2699
2736
2698
2710
2718
2743
2790
2694
2739
2741
2740
2705
2744
2704
2697
2711
2709
2702
2696
2739
2735
2696
2697
2724
2704
2716
2774
2773
2767
2738
2756
2780
2735
2726
2733
2756
2726
2732
2765
2726
2729
2771
2729
2733
2732
2726
2776
2754
2774
2769
2742
2760
2725
2742
2746
2772
2745
2767
2726
2775
2755
2732
2741
2748
2741
2767
2733
2733
2739
2821
2765
2761
2767
2753
2773
2726
2749
2771
2726
2732
2732
2725
2743
2765
2988
2779
2778
2782
2726
2766
2740
2726
2732
2732
2771
2754
2738
2726
2752
2752
2729
2765
2734
2738
2726
2741
2731
2737
2740
2729
2726
2731
2732
2750
2743
2777
2732
2733
2732
2759
2749
2737
2731
2732
2730
2745
2726
2763
2733
2725
2754
2755
3115
2733
2780
2785
2831
2787
2756
2726
2777
2783
2773
2750
2788
2757
2771
2742
2746
2757
2780
2731
2733
2777
2752
2743
2778
2733
2733
2757
2778
2771
2726
2731
2732
2725
2774
2741
2734
2771
2760
2730
2726
2763
2766
2726
3348
2925
3031
2759
2740
2759
2753
2777
2733
2789
2771
2766
2739
2726
2733
2759
2727
2732
2732
2732
2773
2744
2780
2770
2873
3015
2762
2769
2734
2778
2766
2757
2779
2759
2734
2748
2726
2750
2736
2776
2734
2752
2726
2730
2753
2796
2727
2732
2753
2726
2760
2753
2750
2778
2746
2749
2771
2750
2726
2730
2773
2734
2726
2771
2776
2725
2784
2744
2753
2773
2732
2725
2780
2781
2744
2766
2734
2769
2725
2740
2730
2738
2768
2733
2726
2731
2755
2748
2731
2774
2731
2732
2732
2772
2772
2731
2734
2730
2774
2743
2739
2731
2784
2726
2775
2751
2747
3094
2746
2748
2737
2748
2761
2725
2734
2731
2732
2764
2761
2743
2724
2755
2732
2738
2740
2745
2770
2744
2751
2738
2731
2741
2776
2739
2746
2744
2726
2733
2733
2737
2769
2779
2725
2733
2753
2730
2770
2760
2736
2739
2771
2740
2771
2767
2752
2772
2771
2732
2725
2743
2752
2732
2770
2731
2775
2738
2776
2746
2769
2771
2778
2773
2770
2736
2768
2762
2772
2745
2739
2732
2746
2953
3122
2970
2757
2727
2741
2758
2771
2775
2788
2832
2727
2748
2739
2811
2760
2732
2725
2752
2748
2740
2756
2758
2730
2771
2784
2751
2736
2744
2790
2742
2738
2742
2793
2731
2755
2779
2764
2743
2771
2770
2747
2765
2772
2787
2792
2725
2732
2784
2778
2737
2743
2757
2725
2734
2739
2775
2742
2748
2726
2860
2967
2782
2772
2770
2844
2742
2773
2773
2750
2730
2789
2739
2726
2759
2802
2744
2766
2766
2758
2748
2742
2726
2783
2768
2732
2735
2779
2732
2726
2745
2765
2753
2754
2733
2737
2734
2751
2735
2758
2753
2732
2767
2779
2789
2747
2784
2732
2772
2737
2759
2748
2732
2731
2764
2740
2739
2763
2742
2745
2732
2744
2747
2747
2724
2730
2748
2777
2730
2759
2778
2726
2744
2794
2773
2743
2747
2761
2792
2739
2725
2738
2755
2732
2724
2731
2735
2736
2774
2775
2772
2733
2758
2746
2807
2757
2729
2725
2737
2933
2744
2733
2756
2732
2743
2757
2737
2732
2729
2725
2734
2730
2753
2726
2798
2741
2726
2743
2744
2726
2770
3649
4439
2727
2697
2694
2722
2685
2695
2727
2765
2755
2760
2737
2725
2778
2762
2726
2739
2752
2762
2743
2753
2733
2772
2749
2757
2756
2745
2733
2794
2742
2761
2739
2735
2752
2726
2742
2778
2761
2726
2737
2739
2771
2739
2780
2726
2734
2748
2725
2733
2743
2732
2725
2757
2782
2726
2776
2744
2725
2742
2734
2726
2741
2732
2726
2787
2750
2730
2737
2785
2730
2726
2776
2761
2834
2770
2730
2726
2772
2752
2790
2771
2769
2778
2725
2732
2754
2726
2750
2732
2750
2802
2752
2725
2727
2746
2774
3440
2793
2757
2851
2764
2797
2735
2754
2732
2781
2731
2732
2747
2751
2734
2752
2756
2737
2731
2732
2791
2764
2731
2736
2756
2732
2770
2730
2790
2756
2774
2751
2758
2772
2729
2731
2752
2748
2732
2725
2805
2760
2772
2777
2784
2777
2725
2762
2739
2726
2765
2746
2724
2732
2748
2761
2802
2759
2732
2763
2732
2732
2725
2756
2732
2747
2752
2808
2734
2732
2732
2785
2795
2764
2737
2692
2737
2745
2761
2741
2731
2705
2718
3459
4084
3215
2732
2737
2725
2741
2732
2722
2838
2724
2707
2728
2886
2740
2727
2696
2697
2722
2731
2747
2749
2693
2688
2708
2700
2727
2699
2687
2781
2736
2702
2731
2758
2701
2731
2697
2751
2750
2737
2734
2763
2732
2755
2750
2749
2763
2738
2725
2757
2744
2732
2737
2764
2733
2729
2742
2751
2726
2756
2758
2726
2746
2752
2790
2740
2775
2726
2785
2752
2726
2778
2782
2779
2857
2777
2778
2772
2772
2750
2756
2751
2733
2747
2772
2731
2747
2760
2733
2778
2742
2753
2764
2748
2775
2747
2733
2726
2773
2766
2726
2732
2781
2764
2747
2751
2727
2748
2731
2725
2745
2776
2736
2726
2748
2777
2812
2786
2735
2726
2761
2733
2741
2783
2777
2776
2725
2760
2752
2778
2747
2742
2772
2731
3543
2819
2771
2772
2733
2725
2804
2748
2783
2751
2775
2730
2773
2747
2766
2759
2733
2746
2751
2810
2775
2732
2726
2731
2766
2819
2746
2748
2744
2730
2816
2810
2779
2732
2732
2726
2758
2778
2726
2744
2763
2725
2801
2793
2773
2733
2841
3254
3004
2948
2746
2740
2726
2733
2779
2832
2740
2733
2772
2737
2759
2726
2787
2730
2734
2726
4571
3037
2735
2731
2687
2731
2762
2732
2724
2736
2693
2707
2714
2713
2740
2770
2733
2772
2751
2726
2731
2749
2734
2727
2732
2774
2727
2732
2731
2787
2740
2734
2726
2749
2733
2726
2731
2802
2751
2769
2765
2734
2726
2740
2748
2756
2732
2749
2754
2775
2732
2732
2746
2750
2733
2766
2759
2764
2725
2768
2769
2726
2740
2731
2743
2730
2755
2748
2725
2730
2769
2787
2764
2775
2769
2771
2730
2770
2731
2748
2733
2732
2732
2753
2764
2732
2733
2743
2768
2732
2761
2760
2756
2726
2730
2767
2763
2770
2769
2732
2750
2732
2780
2772
2741
2732
2776
2731
2762
2731
2763
2749
2731
2725
2783
2733
2770
2731
2796
2727
2779
2779
2796
2726
2731
2763
2746
2783
2734
2743
2739
2733
2756
2822
2733
2728
2732
2757
2761
2804
2735
2760
2726
2768
2759
2815
2733
2732
2725
2733
2832
2840
2727
2745
2850
2816
2781
2747
2751
2740
2758
2735
3504
3015
2932
2749
2776
2771
2760
2794
2735
2733
2726
2928
2769
2734
2726
2779
2766
2779
2746
2732
2726
2734
2733
2737
2764
2732
2732
2732
2758
2735
2718
2703
2734
2685
2700
2688
2710
2726
2719
2742
2735
2717
2705
2713
2734
2732
2703
2734
2720
2694
2734
2716
2731
2690
2725
2689
2733
2725
2732
2706
2755
2732
2711
2721
2696
2696
2728
2709
2692
2718
2724
2731
2747
2726
2691
2857
2703
2732
2705
2708
2695
3562
4146
2734
2730
2691
2736
2717
2691
2694
2743
2692
2698
2717
2725
2699
2713
2739
2721
2698
2724
2717
2744
2743
2692
2716
2716
2692
2702
2694
2742
2698
2697
2692
2752
2710
2692
2738
2711
2698
2740
2740
2752
2692
2699
2715
2690
2759
2730
2757
2734
2730
2771
2922
3318
2744
2743
2796
2737
2730
2732
2734
2726
2738
2739
2733
2726
2761
2740
2770
2733
2734
2763
2731
2752
2772
2733
2732
2726
2731
2732
2776
2727
2749
2768
2762
2746
2734
2726
2755
2734
2725
2742
2761
2769
2818
2734
2768
2726
2759
2776
3446
4391
3259
2703
2691
2797
2778
2713
2700
2715
2710
2780
2729
2742
2760
2725
2731
2765
2773
2776
2755
2733
2726
2761
2851
2731
3019
2966
2705
2731
2718
2734
2706
2721
2699
2767
2714
2717
2737
2741
2703
2726
2747
2701
2689
2701
2697
2690
2755
2701
2698
2760
2720
2742
2728
2714
2751
2726
2767
2769
2789
2778
2732
2758
2731
2766
2792
2750
2733
2769
2770
2816
2784
2726
2879
2760
2732
2759
2801
2731
2726
2732
2732
2769
2796
2734
2726
2731
2732
2753
2792
2733
2736
2726
2746
2769
2783
2733
2733
2732
2734
2761
2782
2734
2753
2733
2724
2763
2769
2727
2760
2733
2726
2796
2771
2726
2731
2767
2733
2775
2743
2752
2771
2732
2767
2743
2741
2732
2726
2749
2732
2770
2766
2732
2732
2726
2781
2735
2774
2733
2749
2726
2764
2732
2753
2733
2756
2726
2779
2730
2748
2726
2746
2736
2755
2732
2763
2726
2736
2732
2745
2785
2788
2728
2750
2813
2735
2763
2774
2745
2770
2785
2746
2726
2788
2812
2753
2726
2733
2749
2851
3276
4367
3000
2696
2780
2764
2700
2703
2691
2691
2728
2742
2719
2697
2735
2697
2747
2767
2703
2695
2705
2739
2718
2746
2699
2719
2697
2732
2754
2753
2693
2714
2731
2689
2733
2771
2686
2695
2733
2730
2721
2757
2727
2736
2737
2726
2732
2788
2726
2773
2732
2727
2738
2762
2735
2725
2732
2738
2726
2754
2735
2733
2737
2950
2768
2768
2735
2795
2727
2743
2734
2774
2734
2746
2810
2756
2737
2785
2732
2762
2734
2726
2732
2770
2726
2735
2744
2726
2773
2745
2770
2771
2733
2729
2725
2785
2735
2726
2731
2749
2770
2768
2781
2731
2770
2761
2757
2744
2759
2748
2726
2732
2731
2755
2734
2732
2770
2769
2743
2756
2773
2765
2732
2768
2760
2773
2771
2762
2744
2748
2732
2759
2784
2834
2715
2703
2691
2767
2726
2690
2732
2736
2735
2739
2739
2737
2738
2697
2733
2708
2698
2691
2749
2695
2694
2731
2726
2733
2730
2697
2715
2749
2723
2706
2708
2734
2723
2692
2734
2702
2705
2707
2721
2697
2752
2724
2692
2726
2696
2698
2718
3111
3764
4297
2713
2725
2718
2729
2707
2700
2745
2714
2725
2717
2742
2691
2701
2736
2709
2698
2706
2691
2702
2738
2721
2712
2729
2695
2714
2714
2723
2741
2695
2725
2695
2712
2710
2697
2697
2699
2730
2726
2782
2691
2708
2719
2723
2724
2748
2750
2736
2711
2730
2721
2705
2702
2739
2714
2704
2772
2726
2762
2714
2697
2704
2706
2719
2730
2706
2743
2726
2738
2716
2784
2698
2738
2809
2727
2748
2711
2713
2697
2697
2697
2743
2708
2745
2691
2732
2704
2717
2702
2749
2701
2735
2721
2722
2702
2697
2717
2728
3020
2755
2747
2767
2743
2705
2690
2754
2724
2725
2749
2697
2689
2726
2734
2689
2724
2697
2725
2716
2760
2692
2722
2697
2696
2713
2755
2705
2690
2725
2726
2720
2708
2707
2750
2712
2709
2735
2726
2709
2691
2737
2737
2693
2726
2707
2714
2697
2696
2756
2730
2711
2737
2726
2728
2699
2746
2731
2696
2691
2697
2725
2738
2714
2736
2707
2697
2748
2747
2775
2728
2747
2710
2730
2711
2743
2729
2727
2692
2712
2711
2728
3155
3749
4415
2716
2718
2706
2727
2730
2738
2723
2741
2691
2701
2734
2691
2721
2745
2728
2698
2721
2758
2738
2750
2710
2692
2735
2708
2691
2786
2768
2690
2698
2696
2747
2711
2722
2692
2761
2729
2697
2760
2709
2694
2737
2752
2704
2701
2716
2755
2690
2741
2734
2719
2734
2712
2734
2765
2698
2707
2703
2733
2704
2691
2724
2771
2710
2696
2697
2736
2710
2707
2713
2727
2720
2690
2824
2747
2718
2743
2700
2741
2734
2697
2710
2703
2711
2705
2691
2750
2730
2711
2725
2741
2690
2696
2746
2703
2740
2723
2749
2711
2711
2712
2724
2730
2695
2692
2742
2720
2692
2730
2740
2738
2709
2708
2745
2696
2697
2699
2752
2733
2690
2714
2743
2698
2698
2733
2712
2691
2697
2759
2736
2722
2698
2712
2815
2752
2962
2797
2698
2747
2691
2752
2698
2739
2711
2760
2692
2735
2743
2719
2709
2712
2737
2726
2724
2704
2710
2728
2757
2737
2729
2743
2703
2728
2756
2689
2734
2712
2730
2697
2734
2691
2766
2742
2722
2712
2747
2699
2691
2734
2761
3170
3732
4055
2730
2715
2706
2737
2724
2706
2720
2705
2732
2702
2735
2700
2708
2732
2732
2710
2701
2702
2708
2721
2708
2690
2717
2714
2691
2714
2761
2721
2695
2716
2750
2729
2711
2692
2732
2698
2698
2722
2745
2703
2691
2745
2763
2702
2714
2698
2744
2748
2698
2727
2729
2718
2690
2730
2715
2708
2730
2752
2698
2691
2727
2722
2702
2697
2702
2689
2709
2698
2725
2729
2712
2704
2776
2738
2705
2715
2697
2711
2697
2728
2751
2736
2720
2699
2736
2709
2734
2701
2698
2728
2697
2697
2737
2729
2698
2696
2733
2728
2736
2704
2714
2720
2697
2689
2727
2726
2692
2695
2807
2712
2738
2726
2716
2700
2696
2701
2749
2714
2692
2704
2717
2737
2709
2722
2732
2685
2691
2707
2758
2725
2732
2731
2728
2706
2711
2714
2754
2732
2697
2749
2731
2744
2716
2733
2734
2717
2691
2713
2716
2709
2685
2735
2737
2747
2722
2732
2714
2714
2735
2704
2738
2736
2690
2727
2754
2779
2715
2740
2695
2707
2720
2876
2965
2703
2748
2762
2698
2698
2706
2796
3417
4154
3673
2700
2721
2709
2751
2685
2713
2721
2697
2730
2693
2733
2732
2728
2702
2692
2742
2698
2736
2727
2701
2690
2705
2742
2691
2752
2748
2696
2691
2719
2732
2702
2703
2689
2731
2733
2701
2710
2744
3095
5043
4973
3560
2697
2715
2735
2688
2705
2765
2689
2701
2730
2727
2705
2697
2695
2737
2690
2718
2739
2738
2689
2689
2696
2756
2708
2731
2696
2750
2685
2732
2833
2731
2691
2695
2694
2747
2735
2750
2746
2741
2726
2702
2758
2705
2714
2736
2727
2736
2731
2715
2714
2732
2734
2735
2750
2743
2712
2685
2748
2709
2692
2749
2752
2692
2696
2735
2746
2749
2710
2764
2691
2725
2702
2718
2714
2705
2692
2742
2697
2704
2707
2745
2736
2741
2697
2718
2710
2973
2702
2763
2725
2794
2704
2765
2704
2692
2711
2745
2714
2705
2730
2803
2742
2703
2721
2706
2708
2742
2689
2724
2787
2691
2728
2698
2725
2698
2763
2703
2723
2716
2749
2744
2738
2746
2733
2737
2703
2745
2743
2723
2692
2698
2721
2690
2728
2710
2724
3391
4260
3588
2763
2731
2744
2705
2778
2724
2748
2740
2730
2700
2751
2728
2735
2707
2751
2687
2735
2708
2722
2706
2736
2693
2754
2743
2821
2784
2766
2692
2962
2734
2752
2690
2753
2733
2704
2712
2719
2710
2741
2695
2691
2728
2717
2692
2711
2740
2735
2699
2723
2731
2731
2716
2688
2747
2723
2708
2692
2724
2824
2708
2722
2724
2738
2708
2739
2691
2725
2717
2742
2723
2717
2701
2824
2712
2694
2691
2746
2733
2702
2744
2727
2692
2734
2732
2715
2728
2717
2692
2744
2700
2709
2701
2738
2699
2692
2728
2740
2703
2698
2693
2738
2696
2693
2721
2764
2700
2738
2696
2734
2716
2700
2696
2760
2702
2696
2727
2703
2699
2697
2735
2712
2720
2740
2738
2698
2690
2740
2743
2702
2698
2723
2709
2706
2712
2754
2720
2721
2706
2693
2741
2733
2738
2727
2738
2690
2734
2737
2749
2696
2695
2690
2756
2790
2693
2725
2722
2706
2691
2752
2703
2691
2700
2743
2749
2764
2713
2761
2705
2740
2701
2773
2698
2695
2701
2730
2702
2749
2713
2740
3271
2999
3102
2791
2727
2736
2763
2770
2772
2789
2771
2732
2752
2734
2795
2771
2742
2767
2778
2732
2727
2760
2752
2692
2697
2707
2773
2733
2721
2703
2748
2730
2705
2744
2698
2697
2692
2776
2740
2705
2749
2727
2737
2740
2717
2746
2707
2699
2698
2746
2736
2728
2704
2732
2742
2734
2696
2740
2718
2704
2706
2749
2711
2739
2703
2891
2708
2792
2972
2723
2714
2692
2772
2700
2691
2713
2742
2691
2736
2698
2718
2740
2716
2738
2754
2693
2697
2701
2729
2707
2692
2733
2714
2737
2741
2727
2709
2696
2698
2713
2725
2733
2742
2708
2724
2750
2691
2726
2736
2735
2729
2737
2718
2714
2697
2708
2715
2697
2703
2731
2696
2691
2696
2712
2735
2741
2760
2749
2727
2762
2774
2790
2745
2732
2726
2761
2854
2822
2746
2733
2733
2772
2800
2787
2727
2731
2765
2726
2761
2787
2751
2773
2731
2738
2769
2834
2748
2726
2785
2735
2754
2788
2757
2732
2725
2748
2766
2767
2745
2764
2738
2763
2760
2798
2732
2749
2725
2775
2779
2779
2770
2749
3325
3092
2996
2838
2746
2781
2797
2734
2779
2806
2751
2732
2726
2774
2817
2765
2733
2733
2743
2732
2762
2791
2772
2732
2733
2759
2799
2795
2770
2750
2749
2726
2759
2793
2739
2726
2732
2749
2780
2802
2732
2743
2772
2732
2792
2812
2758
2734
2743
2762
2778
2771
2752
2858
2732
2696
2750
2768
2696
2739
2726
2714
2760
2732
2748
2692
2722
2730
2769
2760
2732
2730
2725
2732
2757
2769
2715
2688
2710
2752
2746
2745
2693
2745
2704
2703
2720
2760
2689
2731
2694
2728
2755
2735
2728
2693
2738
2713
2704
2782
2736
2827
2695
2984
2800
2776
2740
2788
2692
2739
2708
2776
2686
2717
2752
2692
2704
2769
2754
2700
2744
2731
2721
2805
2757
2727
2773
2733
2768
2797
2751
2733
2741
2754
2810
2826
2734
2759
2728
2737
2734
2782
2743
2726
2693
2731
2717
2723
2731
2715
2697
2734
2720
2764
2829
2696
2733
2729
2716
2731
2771
2754
2697
2690
2701
2840
2771
2740
2722
2690
2713
2749
2768
2692
2697
2715
2691
2755
2755
2698
2731
3320
3433
2946
2746
2723
2695
2695
2698
2782
2816
2765
2768
2755
2732
2761
2805
2803
2733
2726
2731
2786
2812
2726
2750
2766
2753
2782
2786
2727
2771
2745
2727
2763
2773
2733
2725
2739
2731
2768
2771
2751
2727
2734
2757
2779
2810
2757
2732
2726
2746
2759
2797
2734
2776
2726
2738
2769
2769
2732
2733
2736
2741
2786
2798
2727
2732
2782
2727
2796
2786
2727
2778
4742
4801
4690
4724
3786
2921
2792
3182
2752
2700
2735
2789
2739
2697
2698
2698
2730
2744
2709
2691
2721
2729
2719
2713
2766
2737
2699
2706
2735
2763
2790
2739
2732
2764
2732
2759
2775
2733
2726
2750
2758
2753
2816
2760
2738
2726
2766
2790
2764
2749
2746
2724
2732
2877
2805
2779
2734
2738
2742
2762
2807
2728
2832
2871
2808
2784
2764
2746
2783
2705
2707
2753
2743
2729
2702
2703
2696
2731
2733
2716
2692
2698
2720
2737
2786
2699
2702
2691
2695
2725
2756
2699
2697
2713
2704
2746
2741
2740
2696
2736
2697
2733
2728
2744
2725
2696
2746
3684
3052
2832
2756
2761
2733
2765
2759
2762
2775
2733
2746
2778
2771
2765
2740
2752
2732
2750
2744
2734
2733
2737
2785
2763
2744
2732
2732
2770
2726
2803
2757
2727
2748
2745
2726
2757
2768
2727
2731
2732
2744
2737
2771
2739
2726
2732
2753
2753
2820
2734
2726
2736
2759
2745
2742
2730
2773
2725
2736
2809
2746
2739
2732
2742
2771
2845
2779
2772
2732
2770
2744
2745
2790
2726
2757
2733
2732
2743
2744
2726
2743
2732
2744
2742
2723
2732
2731
2721
2711
2731
2718
2732
2701
2697
2732
2740
2709
2725
2719
2724
2714
2735
2706
2706
2733
2716
2710
2728
2717
2734
2731
2732
2703
2728
2730
2707
2691
2692
2695
2717
2718
2719
2737
2686
2699
2761
2748
2742
2724
2698
2732
2732
2736
2743
2692
2718
2719
2706
2733
2738
2735
2730
2707
2690
2730
2717
2716
2713
2764
2731
2696
2725
2755
2721
2726
2732
2782
2739
2744
2714
2718
2701
2744
2858
2766
2772
2742
2733
2759
2746
2747
2726
2737
2775
2957
2771
2749
2741
2807
2739
3198
4302
3558
2688
2692
2712
2762
2706
2698
2698
2711
2698
2717
2720
2710
2698
2691
2747
2717
2732
2734
2714
2691
2759
2719
2741
2740
2697
2689
2738
2715
2765
2692
2720
2704
2737
2710
2759
2710
2708
2697
2719
2753
2709
2691
2712
2702
2735
2697
2770
2699
2691
2722
2715
2691
2734
2743
2738
2696
2740
2730
2728
2750
2692
2726
2748
2691
2781
2791
2748
2737
2715
2715
2718
2775
2791
2714
2734
2727
2722
2787
2708
2691
2696
2713
2717
2734
2757
2694
2690
2742
2779
2729
2712
2697
2707
2697
2735
2743
2715
2718
2692
2702
2755
2737
2705
2714
2687
2733
2734
2770
2692
2694
2699
2700
2744
2728
2691
2714
2694
2692
2694
2720
2703
2703
2695
2690
2698
2706
2712
2909
2701
2740
2737
2756
2727
2692
2702
2758
2712
2712
2726
2727
2698
2736
2738
2764
2723
2694
2711
2743
2737
2739
2724
2722
2706
2727
2730
2743
2717
2742
2697
2757
2729
2741
2709
2745
2693
2701
2725
2689
2733
2690
2688
2753
2703
2736
2722
2724
2707
2837
2792
3067
3057
2935
2769
2700
2689
2754
2789
2692
2698
2727
2691
2741
2791
2769
2692
2701
2704
2718
2771
2738
2692
2724
2697
2690
2727
2774
2686
2696
2723
2745
2952
2733
2742
2825
2728
2741
2748
2718
2722
2730
2696
2718
2731
2699
2712
2715
2692
2688
2723
2715
2723
2692
2731
2713
2716
2688
2724
2731
2729
2692
2737
2728
2691
2689
2732
2702
2781
2780
2685
2729
2705
2730
2721
2771
2726
2703
2717
2732
2700
2803
2706
2697
2719
2724
2737
2799
2732
2725
2768
2754
2727
2795
2732
2767
2734
2760
2725
2795
2734
2726
2732
2754
2731
2753
2805
2741
2771
2732
2735
2755
2771
2751
2727
2745
2731
2773
2803
2762
2730
2769
2732
2791
2764
2771
2732
2727
2775
2773
2808
2727
2765
2732
2768
2769
2795
2726
2732
2732
2732
2760
2775
2776
2726
2744
2731
2783
2801
2745
2770
2775
2758
2780
2787
2752
2754
2727
2755
2794
2771
2779
2732
2726
2731
2835
2809
2773
2753
2742
2733
2765
2781
2727
2730
2732
2726
2760
2788
2725
2776
2735
2726
3387
3900
2978
2749
2728
2768
2777
2736
2727
2736
2733
2727
2744
2734
2726
2767
2733
2726
2742
2741
2738
2741
2732
2733
2741
2742
2751
2726
2742
2745
2738
2732
2774
2752
2746
2741
2738
2758
2764
2773
2771
2773
2780
2726
2767
2755
2726
2771
2760
2740
2736
2768
2748
2726
2770
2740
2780
2738
2765
2766
2774
2753
2725
2731
2791
2792
2980
2742
2776
2691
2737
2711
2749
2704
2715
2716
2742
2720
2742
2705
2713
2739
2691
2729
2746
2706
2726
2723
2691
2851
2732
2764
2696
2696
2737
2712
2739
2723
2692
2710
2694
2734
2735
2732
2692
2697
2698
2711
2718
2694
2737
2712
2738
2708
2773
2724
2691
2742
2711
2731
2692
2733
2698
2706
2697
2699
2705
2716
2697
2736
2722
2708
2741
2716
2748
2692
2730
2698
3210
2710
2729
2737
2722
2711
2697
2734
2714
2702
2691
2733
2713
2714
2702
2743
2746
2793
2733
2781
2727
2733
2741
2743
2732
2767
2726
2750
2733
2737
2731
2785
2776
2726
2749
2754
2770
2770
2733
2743
2732
2731
2725
2746
2982
3035
3011
2756
2718
2710
2788
2701
2738
2743
2714
3003
4654
2726
2690
2709
2742
2736
2690
2688
2685
2690
2743
2744
2704
2695
2728
2726
2725
2728
2697
2697
2724
2718
2706
2703
2697
2693
2690
2742
2739
2698
2746
2699
2698
2691
2696
2742
2715
2727
2693
2690
2709
2705
2704
2697
2694
2691
2735
2734
2828
2742
2717
2693
2693
2709
2714
2738
2694
2703
2692
2695
2752
2739
2695
2714
2738
2720
2762
2692
2710
2710
2691
2738
2718
2691
2697
2695
2691
2738
2746
2750
2692
2728
2698
2734
2725
2717
2692
2696
2731
2738
2720
2907
2736
2744
2958
3237
2716
2731
2718
2795
2747
2734
2743
3087
2754
2746
2755
2732
2751
2726
2776
2732
2730
2770
2744
2734
2726
2733
2745
2726
2778
2769
2772
2773
2750
2770
2738
2745
2735
2727
2760
2739
2770
2745
2744
2734
2730
2773
2738
2787
2738
2730
2733
2748
2745
2779
2733
2732
2726
2755
2791
2783
2733
2774
2787
2725
2780
2748
2726
2732
2750
2726
2746
2745
2759
2737
2750
2874
2763
3577
4273
3652
2699
2715
2712
2730
2687
2693
2738
2747
2711
2712
2730
2750
2720
2708
2744
2704
2734
2686
2760
2712
2703
2734
2760
2689
2731
2738
2749
2685
2726
2702
2737
2715
2744
2693
2758
2736
2753
2709
2778
2772
2771
2729
2788
2781
2745
2756
2726
2748
2731
2769
2755
2732
2726
2754
2733
2733
2781
2752
2736
2727
2767
2776
2739
2734
2740
2743
2733
2775
2737
2779
2758
2774
2888
2759
2747
2727
2792
2745
2726
2772
2780
2726
2732
2753
2772
2726
2768
2732
2770
2762
2733
2726
2776
2735
2727
2776
2752
2726
2732
2733
2753
2726
2731
2756
2726
2752
2763
2743
2732
2755
2769
2749
2751
2732
2725
2748
2735
2725
2733
2786
2726
2767
2762
2756
2775
2732
2742
2731
2735
2754
2736
2725
2693
2684
2782
2793
2733
2738
2780
2959
2765
2766
2757
2796
2734
2733
2763
2781
2765
2752
2781
2795
2743
2754
2724
2736
2733
2733
2732
2697
2706
2745
2751
2694
2743
2741
2699
2735
2731
2710
2703
2702
2694
2726
2725
2766
2713
2740
3083
3414
2976
2744
2724
2737
2727
2691
2738
2735
2731
2739
2698
2704
2690
2697
2718
2710
2698
2700
2697
2713
2724
2702
2704
2695
2692
2697
2716
2714
2699
2706
2746
2699
2697
2722
2694
2698
2735
2715
2718
2753
2752
2730
2698
2729
2735
2728
2709
2722
2699
2696
2736
2724
2702
2696
2688
2746
2694
2720
2696
2731
2712
2688
2689
2748
2737
2730
2728
2763
2732
2734
2725
2748
2734
2720
2702
2716
2702
2733
2712
2717
2732
2697
2727
2710
2730
2736
2696
2702
2726
2728
2749
2691
2728
2689
2739
2709
2711
2697
2740
2692
2743
2707
2739
2760
2696
2697
2708
2714
2736
2735
2737
2717
2691
2712
2729
2691
2697
2697
2714
2733
2698
2692
2758
2696
2692
2713
2741
2697
2691
2748
2724
2739
2725
2720
2691
2729
2707
2762
2698
2710
2721
2722
2713
2723
2703
2750
2692
2703
2697
2750
2751
2724
2737
2726
2738
2734
2715
3142
2701
2730
2755
2847
2777
2728
2766
2735
2732
2766
2797
2734
2732
2733
2743
2780
2792
2800
2808
3056
3110
2810
2725
3339
2857
2947
2782
2800
2748
2767
2746
2745
2771
2803
2762
2728
2752
2733
2763
2788
2751
2775
2726
2733
2793
2775
2733
2732
2744
2731
2761
2788
2745
2761
2738
2789
2783
2779
2726
2735
2743
2747
2769
2774
2736
2770
2788
2732
2754
2778
2733
2726
2733
2759
2759
2795
2778
2733
2726
2753
2770
2779
2734
2738
2727
2741
2763
2774
2740
2775
2726
2737
2761
2809
2765
2764
2732
2755
2756
2772
2688
2699
2715
2698
2736
2785
2693
2694
2737
2721
2685
2745
2715
2696
2708
2742
2693
2734
2768
2693
2736
2705
2713
2761
2736
2693
2736
2687
2733
2753
2759
2728
2731
2705
2713
2741
2729
2741
2688
2698
2725
2736
2750
2728
2685
2730
2692
2749
2773
2731
2992
2691
2708
2766
2776
2694
2722
2725
2699
2734
2779
2828
2698
2735
2731
2742
2748
2732
2695
2702
2731
2716
2770
2685
2695
2737
2704
2750
2800
2692
2713
2691
2739
2732
2803
2701
2684
2708
2731
2694
2768
2747
2713
2692
2724
2729
2749
2758
2691
2691
2717
2709
2738
2772
2978
3608
4602
2772
2761
2702
2714
2697
2701
2765
2756
2700
2697
2737
2695
2762
2760
2699
2699
2690
2696
2738
2741
2699
2698
2719
2699
2726
2757
2698
2846
2702
2959
2762
2752
2693
2767
2743
2691
2728
2786
2692
2717
2698
2696
2760
2752
2699
2691
2697
2820
2787
2743
2735
2733
2735
2735
2732
2791
2697
2698
2692
2743
2701
2778
2698
2733
2692
2708
2709
2719
2734
2706
2696
2688
2800
2736
2738
2738
2697
2730
2697
2721
2744
2708
2735
2694
2699
2746
2742
2735
2734
2733
2697
2754
2723
2745
2712
2687
2692
2764
2753
2733
2735
2751
2732
2738
2783
2731
2701
2723
2758
2726
2760
2685
2746
2736
2735
2760
2784
2697
2685
2737
2733
2732
2758
2735
2746
2692
2718
2731
2778
2736
2687
2735
2742
2735
2728
2789
2704
2690
2712
2752
2719
2741
2732
2720
2698
2725
2717
2797
2716
2692
2695
2727
2804
2748
2725
2745
2690
2696
2789
2766
2698
2711
2706
2792
2769
2733
2700
2725
2742
2733
2742
2759
2692
2710
2734
2727
2729
2764
2742
3390
3339
2856
2883
2764
2729
2729
2708
2735
2737
2782
2736
2708
2732
2728
2766
2733
2689
2760
2690
2692
2764
2771
2725
2737
2735
2727
2762
2743
2685
2718
2714
2732
2718
2755
2731
2734
2704
2738
2735
2772
2735
2706
2698
2698
2736
2744
2697
2735
2736
2698
2717
2746
2738
2690
2741
2732
2733
2762
2711
2699
2751
2734
2698
2761
2744
2702
2827
2949
2731
2802
2732
2781
2733
2730
2717
2841
2730
2707
2717
2723
2699
2809
2694
2743
2704
2685
2692
2794
2733
2687
2738
2747
2732
2739
2735
2753
2702
2734
2695
2731
2755
2730
2688
2729
2731
2719
2741
2752
2691
2695
2740
2764
2730
2727
2757
2703
2724
2760
2780
2735
2692
2688
2745
2770
2747
2717
2739
2731
2694
2764
2757
2692
2692
2685
2707
2723
2735
2700
2786
2789
2748
2790
2811
2727
2751
2749
2726
2747
2763
2758
2739
2731
2726
2749
2847
2742
2771
2750
2733
2726
2773
2788
2726
2751
2732
2782
2778
2755
2735
2761
2733
2733
2791
2734
2733
2726
2766
2747
2762
2735
2791
3527
3130
3783
4730
4605
2730
2700
2740
2703
2685
2713
