10000
3451
3215
3120
3084
2936
2857
2777
2743
2623
2617
2523
2481
2438
2423
2393
2354
2311
2486
2223
2220
2229
2245
2232
2229
2232
2235
2243
2228
2233
2226
2239
2235
2234
2238
2227
2236
2225
2253
2229
2278
2257
2216
2212
2204
2211
2212
2227
2240
2212
2209
2206
2244
2205
2215
2205
2217
2215
2208
2225
2222
2212
2207
2223
2215
2210
2212
2207
2212
2217
2213
2214
2271
2357
2288
2257
2260
2236
2226
2226
2206
2250
2262
2275
2218
2219
2231
2361
2349
2218
2208
2212
2207
2257
2223
2215
2208
2213
2212
2208
2218
2217
2212
2207
2208
2208
2211
2214
2215
2249
2209
2213
2207
2249
2209
2211
2218
2207
2211
2208
2218
2302
2210
2208
2219
2216
2214
2210
2224
2213
2225
2221
2208
2213
2215
2215
2210
2209
2218
2264
2258
2418
2207
2212
2212
2241
2246
2230
2227
2229
2232
2227
2238
2233
2233
2228
2232
2227
2233
2231
2233
2241
2228
2230
2227
2233
2232
2231
2238
2228
2233
2228
2250
2227
2230
2238
2296
2233
2224
2233
2229
2233
2239
2226
2231
2227
2422
2440
2248
2243
2228
2271
2243
2234
2226
2233
2228
2259
2235
2237
2233
2236
2234
2227
2238
2322
2246
2232
2230
2239
2227
2241
2226
2236
2235
2228
2252
2250
2232
2235
2249
2235
2226
2229
2228
2239
2233
2234
2229
2233
2242
2228
2230
2228
2237
2243
2232
2232
2227
2243
2309
2284
2212
2216
2222
2212
2211
2210
2209
2225
2213
2270
2215
2209
2226
2215
2217
2214
2208
2221
2207
2217
2221
2219
2224
2209
2213
2205
2229
2205
2214
2213
2210
2229
2207
2210
2205
2208
2220
2220
2203
2212
2221
2208
2210
2205
2212
2224
2211
2207
2209
2216
2216
2207
2213
2213
2203
2229
2206
2212
2209
2239
2210
2205
2208
2204
2214
2229
2211
2219
2209
2219
2203
2209
2203
2213
2219
2210
2209
2208
2251
2316
2214
2217
2205
2218
2205
2208
2204
2210
2220
2217
2209
2205
2207
2224
2209
2207
2212
2204
2218
2208
2208
2209
2208
2214
2212
2211
2206
2210
2217
2354
2233
2218
2304
2325
2353
2215
2205
2217
2203
2253
2219
2216
2205
2214
2212
2204
2234
2216
2213
2205
2209
2207
2208
2207
2213
2221
2206
2205
2204
2206
2207
2214
2219
2203
2208
2206
2207
2210
2210
2213
2220
2207
2202
2208
2207
2292
2216
2223
2206
2214
2219
2204
2208
2210
2218
2212
2208
2204
2211
2206
2203
2222
2215
2208
2205
2208
2204
2214
2206
2217
2220
2218
2212
2205
2210
2206
2222
2215
2211
2212
2208
2209
2209
2210
2213
2222
2202
2210
2209
2232
2249
2234
2246
2227
2234
2235
2228
2234
2231
2240
2236
2232
2227
2235
2231
2227
2236
2238
2233
2227
2234
2224
2233
2348
2268
2218
2210
2218
2206
2246
2213
2216
2226
2205
2211
2210
2223
2205
2219
2218
2209
2219
2206
2212
2209
2232
2220
2224
2212
2210
2211
2212
2211
2213
2222
2205
2216
2231
2210
2211
2203
2229
2214
2211
2203
2218
2211
2208
2214
2212
2217
2208
2211
2202
2207
2221
2214
2215
2205
2212
2213
2214
2206
2215
2224
2207
2239
2204
2211
2216
2230
2214
2218
2209
2219
2207
2204
2207
2212
2230
2207
2208
2208
2207
2216
2206
2217
2211
2222
2204
2211
2210
2208
2220
2212
2211
2204
2212
2212
2211
2210
2214
2217
2213
2210
2204
2213
2206
2224
2218
2207
2208
2205
2217
2206
2224
2210
2226
2208
2209
2209
2206
2218
2212
2227
2203
2210
2228
2207
2209
2203
2216
2230
2232
2226
2230
2253
2229
2238
2235
2231
2245
2233
2226
2229
2232
2240
2240
2228
2230
2226
2245
2235
2235
2239
2226
2240
2229
2233
2227
2318
2245
2233
2422
2229
2255
2228
2234
2282
2251
2251
2229
2231
2226
2234
2252
2245
2236
2227
2239
2227
2270
2226
2247
2258
2232
2233
2227
2242
2228
2248
2249
2229
2247
2237
2231
2229
2232
2251
2246
2232
2227
2231
2241
2250
2234
2244
2241
2224
2230
2225
2232
2241
2240
2228
2232
2234
2236
2232
2225
2239
2237
2240
2228
2232
2232
2236
2389
2221
2213
2205
2223
2214
2205
2207
2206
2224
2205
2214
2205
2212
2222
2204
2216
2204
2210
2214
2267
2215
2236
2221
2217
2215
2206
2211
2214
2210
2203
2216
2215
2214
2209
2203
2211
2203
2217
2210
2212
2212
2207
2222
2205
2211
2214
2208
2214
2210
2212
2202
2219
2203
2221
2203
2209
2219
2213
2218
2212
2219
2216
2214
2208
2211
2207
2233
2216
2213
2214
2215
2214
2207
2210
2206
2238
2215
2208
2212
2207
2321
2341
2217
2213
2208
2214
2208
2214
2206
2209
2207
2208
2210
2208
2211
2206
2211
2215
2214
2205
2211
2211
2212
2211
2213
2214
2208
2211
2205
2212
2208
2210
2219
2218
2212
2207
2213
2208
2212
2221
2218
2213
2206
2210
2207
2219
2228
2233
2229
2229
2232
2226
2228
2224
2232
2227
2234
2231
2226
2230
2225
2235
2235
2234
2227
2234
2235
2245
2233
2226
2229
2227
2239
2235
2228
2233
2234
2238
2230
2235
2229
2242
2237
2227
2233
2227
2237
2226
2231
2233
2227
2238
2227
2233
2225
2239
2224
2230
2231
2230
2252
2233
2233
2228
2232
2234
2234
2233
2227
2230
2245
2238
2228
2232
2246
2225
2229
2229
2234
2236
2235
2256
2248
2425
2280
2218
2205
2212
2243
2237
2213
2202
2209
2214
2209
2209
2210
2210
2217
2210
2203
2211
2203
2278
2285
2216
2205
2210
2234
2240
2211
2228
2238
2204
2212
2203
2213
2224
2210
2220
2205
2210
2225
2210
2206
2215
2231
2241
2213
2205
2208
2204
2218
2218
2231
2214
2205
2253
2228
2233
2226
2250
2236
2208
2214
2208
2222
2208
2218
2226
2212
2222
2208
2213
2208
2212
2234
2219
2205
2208
2210
2245
2211
2221
2231
2214
2294
2242
2217
2213
2253
2258
2208
2217
2207
2218
2208
2212
2232
2227
2222
2208
2215
2207
2222
2221
2235
2217
2205
2221
2211
2214
2207
2225
2239
2209
2213
2206
2213
2217
2227
2222
2212
2221
2211
2214
2210
2213
2233
2237
2208
2214
2213
2220
2215
2229
2248
2211
2222
2207
2215
2214
2211
2237
2222
2214
2212
2221
2208
2214
2235
2227
2228
2209
2210
2208
2211
2217
2225
2231
2208
2213
2217
2212
2209
2223
2228
2217
2213
2212
2212
2211
2219
2223
2230
2208
2220
2211
2211
2211
2220
2249
2210
2214
2207
2210
2221
2210
2229
2225
2214
2219
2214
2208
2214
2230
2227
2240
2205
2212
2220
2214
2208
2227
2230
2224
2215
2206
2214
2208
2232
2229
2208
2224
2210
2222
2210
2212
2226
2241
2219
2206
2210
2211
2223
2219
2251
2208
2214
2223
2207
2213
2224
2228
2226
2214
2209
2213
2222
2208
2229
2219
2214
2217
2212
2208
2214
2208
2295
2345
2213
2212
2208
2222
2211
2228
2236
2214
2214
2212
2213
2211
2232
2228
2209
2214
2207
2222
2211
2217
2221
2283
2471
2206
2214
2206
2213
2248
2227
2214
2206
2217
2205
2215
2207
2229
2227
2210
2213
2208
2216
2206
2226
2228
2214
2230
2232
2237
2227
2234
2238
2250
2225
2230
2231
2276
2234
2252
2257
2227
2237
2229
2231
2236
2235
2243
2226
2240
2226
2231
2226
2230
2244
2256
2235
2224
2235
2226
2232
2247
2571
2238
2226
2234
2225
2235
2232
2227
2231
2225
2234
2227
2233
2228
2234
2231
2225
2230
2228
2236
2229
2233
2227
2236
2230
2226
2232
2225
2237
2227
2232
2232
2231
2232
2229
2231
2226
2237
2227
2233
2233
2231
2230
2246
2231
2228
2235
2226
2232
2231
2231
2230
2226
2232
2227
2231
2230
2227
2231
2227
2233
2227
2230
2226
2232
2232
2227
2233
2226
2230
2227
2240
2225
2231
2232
2238
2235
2232
2231
2226
2233
2238
2235
2231
2225
2230
2227
2229
2224
2235
2232
2225
2232
2226
2246
2227
2235
2233
2237
2231
2227
2230
2225
2244
2233
2234
2230
2226
2233
2260
2233
2233
2237
2227
2231
2231
2228
2233
2235
2237
2225
2232
2226
2228
2228
2226
2240
2233
2233
2226
2230
2233
2229
2241
2233
2229
2227
2233
2228
2232
2233
2218
2415
2230
2214
2211
2225
2248
2215
2218
2203
2217
2205
2211
2208
2216
2226
2202
2206
2206
2209
2215
2220
2211
2226
2218
2205
2207
2204
2208
2220
2217
2208
2212
2252
2217
2213
2204
2218
2204
2222
2209
2209
2206
2207
2223
2204
2209
2206
2219
2208
2209
2207
2210
2216
2230
2235
2228
2234
2260
2241
2230
2226
2264
2307
2237
2227
2234
2243
2228
2280
2322
2240
2227
2230
2266
2256
2233
2230
2233
2226
2231
2235
2238
2233
2227
2230
2228
2229
2226
2240
2234
2235
2232
2227
2230
2227
2236
2235
2233
2232
2224
2232
2234
2234
2235
2239
2227
2236
2232
2227
2232
2236
2248
2228
2232
2225
2233
2233
2227
2243
2239
2232
2225
2232
2231
2230
2248
2204
2216
2208
2209
2204
2207
2211
2206
2220
2201
2207
2204
2256
2380
2227
2218
2206
2211
2206
2213
2209
2212
2231
2215
2207
2207
2206
2207
2214
2224
2227
2205
2209
2208
2204
2209
2204
2222
2227
2233
2226
2231
2455
2210
2223
2207
2212
2208
2250
2213
2206
2220
2208
2212
2215
2214
2207
2212
2210
2213
2233
2208
2213
2208
2219
2216
2236
2233
2207
2231
2210
2213
2208
2212
2228
2235
2215
2207
2211
2218
2212
2222
2229
2207
2223
2212
2207
2212
2211
2234
2223
2213
2208
2224
2212
2206
2224
2229
2222
2279
2245
2234
2231
2249
2247
2256
2231
2234
2228
2232
2275
2278
2231
2204
2213
2207
2207
2206
2209
2228
2233
2211
2203
2208
2203
2208
2219
2332
2210
2203
2209
2206
2222
2204
2233
2222
2212
2210
2204
2210
2204
2231
2225
2211
2210
2206
2222
2204
2210
2215
2226
2213
2210
2210
2206
2222
2224
2228
2204
2210
2216
2210
2210
2203
2234
2225
2213
2210
2212
2209
2219
2268
2224
2219
2215
2212
2207
2214
2214
2245
2243
2489
2216
2208
2215
2208
2212
2215
2207
2213
2205
2211
2208
2210
2206
2211
2208
2210
2210
2208
2218
2207
2212
2208
2214
2208
2213
2213
2207
2215
2209
2214
2254
2364
2238
2227
2267
2268
2234
2224
2234
2226
2239
2262
2248
2233
2226
2239
2228
2230
2232
2244
2261
2224
2233
2226
2240
2226
2230
2236
2226
2238
2227
2229
2232
2230
2245
2226
2229
2227
2230
2235
2231
2226
2238
2239
2225
2231
2228
2231
2234
2237
2226
2227
2230
2246
2231
2229
2230
2231
2240
2232
2229
2233
2234
2232
2232
2232
2231
2241
2233
2227
2233
2226
2244
2228
2232
2225
2233
2249
2226
2240
2226
2228
2244
2234
2231
2228
2248
2229
2234
2229
2234
2236
2232
2234
2232
2234
2245
2237
2227
2232
2230
2240
2233
2227
2232
2230
2233
2227
2231
2248
2249
2265
2204
2216
2206
2226
2213
2210
2208
2204
2226
2207
2219
2204
2223
2204
2208
2207
2223
2214
2204
2223
2203
2208
2222
2209
2206
2204
2206
2221
2205
2213
2248
2242
2232
2231
2234
2233
2245
2230
2227
2232
2232
2244
2239
2228
2229
2227
2240
2226
2233
2238
2236
2229
2226
2232
2231
2249
2235
2233
2228
2256
2251
2227
2231
2226
2242
2238
2238
2230
2225
2249
2227
2236
2225
2232
2236
2228
2232
2227
2234
2240
2229
2234
2226
2233
2234
2231
2234
2236
2228
2239
2233
2228
2232
2233
2239
2239
2232
2226
2238
2240
2225
2235
2228
2237
2227
2232
2230
2227
2246
2226
2234
2227
2239
2226
2231
2239
2232
2239
2227
2236
2225
2233
2234
2237
2238
2226
2229
2236
2229
2226
2231
2254
2227
2240
2228
2229
2234
2232
2235
2232
2232
2233
2230
2226
2238
2228
2245
2231
2226
2232
2234
2231
2228
2237
2229
2239
2229
2255
2233
2228
2248
2227
2559
2244
2226
2248
2227
2269
2252
2231
2247
2227
2232
2227
2252
2246
2234
2230
2240
2241
2228
2233
2242
2246
2234
2231
2225
2235
2250
2244
2254
2225
2230
2226
2232
2231
2248
2253
2227
2233
2227
2231
2226
2230
2256
2246
2233
2226
2233
2227
2229
2246
2244
2232
2226
2232
2226
2233
2225
2247
2250
2245
2267
2207
2205
2204
2245
2233
2204
2211
2205
2227
2205
2219
2218
2228
2215
2204
2206
2207
2205
2225
2239
2205
2213
2207
2214
2215
2208
2226
2224
2228
2205
2209
2207
2213
2223
2222
2209
2202
2229
2203
2207
2209
2220
2244
2206
2208
2204
2205
2213
2226
2229
2204
2225
2203
2207
2205
2216
2241
2229
2208
2205
2206
2223
2208
2219
2229
2204
2226
2212
2205
2207
2209
2223
2223
2208
2205
2210
2236
2227
2245
2244
2233
2225
2462
2302
2227
2249
2245
2234
2226
2232
2228
2233
2230
2240
2255
2227
2231
2227
2230
2235
2246
2250
2227
2233
2228
2231
2227
2230
2247
2245
2233
2226
2233
2228
2233
2240
2250
2234
2232
2232
2226
2282
2250
2252
2234
2226
2228
2228
2240
2226
2239
2236
2242
2231
2226
2230
2228
2246
2236
2231
2229
2228
2238
2225
2238
2232
2238
2236
2233
2235
2224
2240
2234
2242
2228
2232
2235
2230
2230
2226
2240
2241
2234
2227
2237
2233
2243
2239
2236
2231
2231
2233
2228
2231
2238
2251
2233
2233
2232
2226
2240
2236
2231
2241
2229
2239
2228
2232
2234
2255
2239
2226
2231
2229
2249
2228
2235
2232
2241
2240
2225
2230
2227
2236
2254
2244
2239
2338
2227
2206
2211
2204
2250
2230
2210
2213
2206
2205
2212
2212
2211
2210
2344
2224
2211
2213
2213
2231
2233
2228
2233
2234
2244
2239
2236
2239
2227
2249
2227
2231
2231
2265
2259
2227
2232
2227
2252
2233
2272
2241
2237
2238
2234
2245
2232
2232
2252
2234
2232
2227
2233
2227
2232
2231
2233
2236
2225
2235
2228
2233
2228
2238
2244
2226
2231
2228
2231
2225
2270
2242
2225
2232
2257
2233
2229
2234
2235
2243
2236
2227
2234
2227
2233
2233
2238
2227
2230
2229
2227
2233
2225
2240
2236
2233
2233
2226
2231
2228
2239
2235
2249
2228
2231
2231
2227
2234
2237
2233
2226
2229
2228
2229
2237
2227
2231
2225
2233
2226
2228
2234
2227
2233
2227
2231
2239
2232
2227
2233
2241
2205
2209
2205
2212
2205
2209
2210
2209
2217
2207
2210
2206
2213
2207
2207
2209
2208
2205
2205
2208
2208
2206
2227
2234
2227
2233
2231
2227
2239
2229
2232
2227
2232
2225
2277
2231
2227
2234
2229
2238
2226
2240
2236
2227
2233
2244
2233
2226
2232
2227
2241
2234
2227
2235
2226
2238
2227
2233
2231
2227
2240
2234
2228
2230
2237
2225
2234
2227
2226
2238
2227
2237
2227
2234
2246
2234
2231
2229
2230
2235
2232
2229
2240
2249
2225
2231
2226
2232
2239
2239
2227
2233
2234
2234
2232
2227
2231
2233
2242
2226
2231
2232
2236
2233
2234
2232
2229
2335
2276
2231
2233
2240
2253
2228
2235
2232
2227
2242
2226
2239
2227
2233
2236
2231
2233
2228
2250
2242
2237
2226
2234
2236
2301
2237
2233
2318
2258
2215
2208
2210
2258
2231
2213
2207
2211
2226
2215
2207
2211
2219
2212
2211
2207
2211
2208
2219
2211
2213
2210
2207
2232
2206
2215
2207
2229
2207
2214
2218
2206
2231
2207
2221
2207
2216
2241
2214
2211
2206
2210
2221
2212
2207
2211
2216
2209
2210
2212
2212
2224
2231
2228
2321
2236
2250
2234
2227
2232
2236
2226
2232
2227
2237
2226
2231
2227
2230
2235
2228
2238
2229
2233
2228
2233
2231
2227
2239
2225
2230
2240
2232
2226
2228
2231
2231
2229
2223
2233
2228
2232
2227
2242
2234
2229
2232
2226
2232
2226
2230
2239
2227
2231
2229
2233
2226
2231
2232
2233
2231
2226
2231
2226
2236
2227
2239
2227
2230
2230
2229
2230
2227
2236
2226
2230
2241
2228
2229
2227
2230
2240
2233
2227
2231
2233
2229
2241
2235
2235
2233
2232
2227
2231
2239
2237
2231
2234
2231
2229
2231
2232
2236
2242
2228
2230
2228
2230
2226
2241
2253
2229
2233
2226
2231
2228
2231
2234
2244
2234
2226
2245
2226
2233
2233
2242
2233
2228
2229
2228
2231
2229
2238
2245
2232
2233
2227
2231
2228
2247
2243
2232
2231
2332
2297
2211
2234
2231
2224
2207
2214
2212
2207
2221
2223
2232
2207
2211
2216
2211
2213
2225
2230
2222
2213
2206
2227
2204
2217
2224
2224
2209
2227
2227
2208
2213
2223
2236
2215
2209
2213
2214
2214
2206
2231
2231
2207
2213
2208
2212
2223
2228
2224
2213
2211
2208
2210
2209
2219
2222
2233
2207
2243
2213
2207
2211
2225
2232
2206
2214
2219
2228
2212
2207
2259
2236
2533
2215
2217
2214
2224
2266
2222
2214
2208
2230
2207
2213
2211
2232
2221
2207
2210
2207
2211
2207
2226
2231
2207
2210
2208
2211
2207
2216
2232
2215
2212
2207
2210
2207
2212
2220
2232
2209
2215
2231
2209
2212
2215
2235
2207
2211
2207
2211
2212
2208
2225
2224
2218
2207
2214
2208
2221
2220
2228
2212
2208
2210
2206
2211
2208
2227
2230
2209
2210
2208
2210
2207
2221
2229
2213
2212
2210
2211
2207
2211
2220
2230
2208
2214
2224
2208
2212
2220
2229
2207
2212
2208
2213
2213
2208
2382
2296
2220
2208
2214
2252
2209
2227
2226
2213
2215
2212
2208
2213
2214
2221
2230
2207
2210
2206
2212
2208
2228
2231
2210
2212
2209
2215
2207
2212
2222
2274
2216
2207
2231
2207
2213
2223
2232
2208
2212
2212
2208
2210
2207
2245
2224
2213
2207
2212
2213
2206
2236
2223
2213
2207
2211
2264
2356
2242
2249
2258
2242
2233
2229
2233
2233
2250
2250
2228
2233
2228
2238
2233
2243
2252
2246
2236
2228
2250
2229
2242
2247
2246
2234
2227
2241
2229
2235
2247
2244
2251
2229
2232
2227
2241
2227
2247
2253
2228
2250
2229
2235
2272
2248
2259
2227
2232
2227
2235
2264
2242
2231
2216
2218
2206
2209
2204
2212
2221
2222
2204
2212
2209
2227
2214
2212
2236
2223
2222
2204
2214
2209
2210
2249
2246
2233
2227
2243
2229
2234
2249
2445
2216
2204
2208
2213
2201
2209
2204
2208
2206
2205
2205
2210
2204
2211
2207
2206
2210
2203
2208
2207
2206
2204
2210
2209
2205
2211
2228
2231
2226
2269
2304
2306
2212
2220
2209
2204
2254
2220
2234
2208
2201
2208
2205
2225
2216
2209
2206
2204
2226
2205
2209
2213
2217
2212
2212
2205
2205
2209
2228
2222
2204
2208
2211
2209
2205
2210
2218
2222
2211
2206
2207
2218
2226
2215
2217
2208
2205
2225
2205
2210
2204
2224
2215
2206
2208
2206
2215
2205
2216
2212
2208
2217
2213
2206
2205
2205
2220
2220
2204
2208
2206
2225
2213
2215
2221
2216
2235
2227
2232
2226
2235
2244
2235
2232
2228
2236
2237
2232
2234
2242
2234
2229
2229
2227
2232
2235
2241
2231
2225
2230
2226
2231
2227
2239
2237
2233
2231
2227
2250
2255
2253
2242
2235
2233
2226
2237
2230
2237
2234
2243
2226
2229
2233
2228
2231
2267
2253
2226
2234
2227
2241
2215
2202
2216
2212
2211
2219
2236
2215
2208
2222
2217
2217
2208
2209
2206
2210
2208
2215
2232
2203
2213
2206
2210
2203
2212
2204
2232
2234
2228
2231
2229
2260
2230
2255
2234
2256
2234
2225
2233
2228
2257
2227
2231
2233
2239
2233
2240
2244
2226
2240
2230
2226
2231
2227
2256
2236
2232
2227
2235
2240
2226
2241
2236
2240
2227
2230
2232
2228
2239
2235
2243
2231
2230
2237
2236
2232
2237
2246
2235
2233
2226
2232
2229
2246
2246
2226
2232
2235
2233
2226
2232
2239
2244
2234
2227
2231
2226
2240
2234
2245
2237
2229
2250
2227
2233
2228
2249
2241
2228
2233
2225
2241
2227
2240
2239
2234
2240
2225
2232
2225
2235
2244
2241
2229
2229
2236
2229
2236
2235
2246
2233
2233
2230
2228
2232
2241
2242
2229
2326
2305
2243
2234
2226
2270
2269
2235
2228
2233
2232
2235
2247
2247
2233
2231
2240
2233
2228
2231
2240
2247
2227
2232
2226
2241
2238
2236
2242
2235
2242
2227
2232
2227
2239
2245
2226
2234
2227
2235
2228
2230
2238
2235
2234
2228
2233
2226
2233
2238
2239
2233
2224
2234
2227
2233
2226
2239
2244
2225
2237
2227
2241
2286
2252
2242
2233
2233
2228
2233
2229
2235
2233
2241
2233
2227
2231
2229
2236
2235
2252
2228
2231
2230
2225
2230
2235
2242
2228
2240
2204
2213
2210
2205
2217
2216
2213
2204
2209
2206
2206
2225
2225
2207
2204
2208
2206
2207
2203
2294
2234
2204
2234
2206
2209
2205
2246
2224
2210
2211
2203
2222
2205
2209
2220
2273
2238
2227
2235
2228
2232
2248
2259
2227
2234
2231
2227
2233
2227
2248
2243
2233
2225
2231
2234
2225
2248
2242
2561
2364
2205
2212
2207
2226
2228
2214
2205
2207
2209
2203
2208
2223
2227
2205
2209
2205
2208
2208
2224
2230
2206
2209
2205
2206
2205
2209
2224
2224
2209
2205
2207
2204
2208
2255
2255
2229
2225
2230
2228
2232
2226
2244
2245
2232
2233
2226
2233
2229
2246
2246
2231
2232
2226
2232
2227
2231
2243
2249
2227
2235
2230
2225
2232
2239
2252
2226
2233
2226
2232
2231
2227
2246
2236
2234
2224
2233
2233
2228
2239
2237
2234
2227
2229
2227
2232
2241
2235
2231
2234
2228
2225
2232
2225
2237
2241
2228
2233
2227
2233
2226
2240
2243
2227
2240
2229
2235
2226
2231
2233
2244
2231
2226
2235
2227
2232
2234
2242
2233
2319
2247
2225
2233
2226
2294
2227
2234
2236
2226
2240
2228
2240
2237
2240
2234
2227
2235
2320
2281
2229
2236
2227
2234
2242
2225
2234
2243
2244
2229
2234
2232
2225
2232
2233
2245
2230
2233
2226
2232
2250
2227
2241
2240
2236
2240
2243
2236
2227
2243
2240
2234
2227
2232
2226
2233
2241
2235
2233
2226
2232
2225
2232
2224
2236
2243
2227
2231
2227
2231
2228
2248
2243
2228
2232
2303
2239
2226
2233
2290
2241
2236
2229
2251
2226
2249
2235
2243
2232
2227
2232
2225
2235
2234
2240
2224
2231
2233
2228
2232
2226
2242
2238
2235
2234
2227
2233
2226
2239
2234
2235
2227
2230
2232
2227
2233
2243
2243
2228
2233
2234
2227
2234
2233
2244
2226
2231
2227
2235
2235
2213
2219
2215
2213
2208
2214
2207
2210
2227
2218
2223
2207
2216
2212
2212
2208
2219
2232
2206
2213
2205
2212
2215
2220
2216
2215
2211
2217
2213
2207
2208
2222
2436
2214
2204
2217
2205
2222
2217
2230
2207
2219
2213
2207
2231
2206
2226
2227
2231
2206
2209
2218
2206
2212
2205
2206
2212
2210
2207
2208
2217
2204
2226
2211
2207
2209
2214
2209
2218
2220
2214
2214
2205
2212
2204
2215
2219
2227
2209
2217
2227
2205
2208
2219
2227
2214
2210
2206
2203
2216
2218
2234
2213
2206
2212
2209
2208
2203
2224
2229
2209
2204
2208
2206
2224
2205
2229
2228
2212
2209
2205
2208
2205
2300
2234
2205
2207
2206
2226
2204
2239
2234
2234
2250
2229
2234
2227
2238
2229
2241
2225
2235
2242
2227
2234
2226
2233
2235
2232
2231
2497
2240
2245
2270
2228
2232
2250
2228
2231
2228
2233
2236
2242
2226
2234
2230
2233
2232
2228
2236
2228
2240
2238
2228
2233
2239
2236
2228
2231
2228
2239
2231
2227
2235
2228
2241
2228
2233
2227
2248
2240
2225
2235
2229
2232
2234
2234
2234
2226
2240
2225
2231
2227
2230
2237
2231
2233
2227
2252
2378
2213
2212
2207
2232
2205
2212
2206
2209
2221
2219
2215
2204
2206
2223
2208
2205
2206
2206
2218
2208
2204
2206
2205
2214
2207
2207
2204
2216
2210
2205
2207
2203
2218
2205
2213
2208
2212
2223
2207
2208
2205
2209
2213
2209
2206
2208
2222
2212
2208
2203
2210
2210
2214
2204
2210
2210
2217
2206
2205
2204
2205
2215
2203
2212
2204
2207
2214
2203
2206
2205
2209
2222
2207
2205
2210
2208
2221
2209
2204
2207
2212
2209
2205
2206
2208
2236
2233
2233
2230
2227
2251
2227
2234
2232
2226
2241
2227
2233
2228
2239
2228
2233
2230
2236
2249
2228
2235
2229
2234
2240
2227
2233
2226
2229
2233
2230
2227
2234
2237
2228
2227
2228
2231
2235
2231
2229
2226
2231
2232
2233
2228
2233
2226
2248
2234
2226
2249
2295
2235
2205
2208
2208
2226
2212
2226
2229
2202
2220
2203
2206
2201
2214
2255
2214
2208
2205
2214
2204
2210
2219
2227
2226
2206
2256
2206
2213
2242
2236
2212
2208
2213
2215
2213
2208
2226
2224
2219
2216
2210
2213
2208
2235
2229
2213
2208
2219
2214
2241
2214
2229
2241
2212
2248
2239
2235
2248
2245
2256
2227
2233
2234
2231
2231
2227
2245
2244
2234
2224
2233
2226
2233
2253
2249
2316
2241
2240
2227
2232
2235
2246
2225
2205
2209
2207
2211
2204
2226
2228
2203
2205
2205
2205
2205
2208
2238
2208
2207
2204
2206
2206
2208
2219
2228
2204
2209
2206
2205
2207
2204
2234
2228
2233
2227
2231
2232
2228
2232
2227
2243
2226
2230
2226
2235
2230
2228
2233
2227
2230
2229
2231
2226
2232
2232
2227
2231
2225
2230
2227
2234
2234
2228
2232
2233
2228
2227
2231
2226
2232
2234
2226
2232
2225
2234
2227
2230
2228
2232
2232
2227
2234
2229
2233
2455
2241
2234
2228
2275
2229
2244
2240
2237
2244
2229
2233
2229
2243
2237
2232
2229
2228
2232
2226
2231
2238
2241
2227
2232
2227
2232
2234
2236
2244
2229
2233
2225
2239
2234
2228
2239
2236
2236
2228
2234
2225
2233
2239
2238
2234
2227
2231
2227
2232
2238
2237
2231
2227
2232
2226
2234
2228
2321
2268
2228
2236
2228
2233
2227
2248
2256
2228
2234
2227
2238
2228
2232
2241
2264
2239
2204
2213
2204
2207
2206
2208
2203
2208
2209
2204
2207
2205
2210
2205
2207
2204
2207
2209
2204
2206
2204
2207
2204
2207
2203
2209
2206
2205
2207
2204
2207
2204
2209
2205
2208
2209
2207
2207
2203
2210
2205
2209
2204
2209
2206
2208
2207
2203
2210
2205
2207
2204
2209
2206
2206
2209
2207
2207
2204
2206
2204
2207
2205
2206
2208
2203
2207
2204
2208
2204
2387
2314
2237
2233
2231
2242
2226
2233
2226
2244
2235
2226
2233
2232
2242
2227
2231
2228
2236
2242
2224
2233
2232
2239
2237
2231
2228
2234
2242
2226
2233
2229
2243
2259
2328
2241
2232
2230
2240
2257
2231
2235
2233
2236
2233
2230
2241
2236
2232
2230
2235
2232
2233
2233
2237
2233
2226
2243
2225
2231
2233
2231
2244
2228
2230
2227
2230
2252
2226
2241
2226
2233
2227
2232
2226
2237
2239
2227
2231
2228
2231
2225
2230
2226
2249
2233
2233
2235
2227
2230
2228
2237
2238
2227
2231
2228
2235
2225
2243
2238
2229
2232
2227
2247
2230
2232
2247
2245
2231
2228
2229
2227
2235
2232
2240
2227
2236
2228
2229
2235
2226
2242
2235
2233
2229
2236
2230
2228
2239
2237
2238
2227
2228
2230
2231
2231
2252
2297
2232
2236
2227
2234
2234
2239
2245
2225
2234
2229
2232
2233
2281
2247
2238
2233
2225
2233
2227
2281
2241
2234
2233
2244
2259
2227
2232
2244
2251
2235
2227
2232
2231
2250
2226
2250
2238
2231
2240
2226
2233
2227
2250
2230
2226
2236
2226
2241
2257
2234
2235
2234
2248
2309
2240
2226
2229
2230
2232
2236
2227
2240
2226
2234
2226
2234
2225
2232
2236
2227
2233
2226
2236
2226
2232
2226
2232
2236
2228
2233
2228
2236
2226
2232
2231
2228
2235
2227
2233
2226
2235
2226
2232
2229
2226
2236
2227
2233
2227
2234
2225
2230
2234
2226
2236
2226
2236
2226
2235
2231
2226
2231
2227
2235
2225
2231
2235
2237
2242
2226
2233
2227
2234
2227
2237
2225
2236
2231
2227
2232
2225
2232
2226
2232
2232
2230
2234
2227
2234
2229
2234
2228
2233
2231
2231
2231
2226
2232
2227
2243
2228
2232
2233
2230
2233
2229
2232
2240
2234
2233
2228
2229
2278
2323
2245
2239
2225
2226
2258
2227
2235
2233
2230
2227
2233
2233
2233
2233
2225
2233
2243
2233
2227
2238
2233
2228
2231
2227
2242
2227
2231
2239
2228
2234
2223
2231
2227
2238
2234
2233
2233
2228
2237
2223
2232
2233
2234
2228
2231
2234
2227
2234
2227
2240
2227
2233
2231
2227
2231
2227
2238
2331
2277
2205
2211
2209
2202
2208
2222
2211
2204
2210
2205
2211
2209
2211
2216
2210
2210
2204
2221
2204
2209
2217
2205
2210
2204
2207
2203
2209
2211
2210
2209
2204
2207
2206
2207
2203
2213
2203
2208
2206
2207
2206
2206
2214
2204
2211
2206
2207
2207
2236
2212
2222
2213
2203
2209
2204
2211
2209
2212
2206
2204
2205
2205
2209
2206
2209
2210
2211
2231
2205
2209
2203
2206
2212
2209
2206
2209
2212
2207
2212
2207
2221
2206
2214
2211
2211
2214
2208
2327
2504
2212
2206
2212
2208
2202
2211
2205
2211
2204
2207
2203
2211
2208
2205
2211
2205
2207
2208
2209
2211
2208
2209
2203
2206
2203
2210
2207
2207
2222
2208
2209
2203
2209
2205
2209
2206
2214
2213
2218
2212
2203
2210
2204
2208
2216
2213
2228
2233
2234
2227
2235
2236
2243
2226
2233
2228
2231
2234
2232
2243
2227
2234
2227
2234
2227
2231
2240
2233
2234
2228
2232
2227
2233
2240
2236
2234
2226
2234
2229
2241
2225
2238
2234
2244
2237
2228
2232
2228
2236
2228
2231
2231
2227
2243
2226
2231
2230
2232
2240
2228
2229
2235
2233
2234
2237
2226
2231
2238
2225
2233
2229
2232
2235
2228
2230
2229
2230
2235
2232
2227
2426
2405
2220
2209
2206
2249
2222
2212
2208
2208
2215
2224
2207
2211
2329
2225
2225
2208
2213
2218
2217
2231
2209
2218
2208
2222
2207
2219
2225
2216
2219
2209
2214
2207
2212
2220
2220
2236
2210
2234
2223
2216
2215
2220
2216
2214
2216
2208
2212
2217
2221
2213
2212
2206
2220
2214
2208
2216
2213
2223
2209
2214
2209
2215
2236
2210
2225
2208
2217
2238
2215
2212
2215
2228
2208
2214
2208
2214
2215
2214
2219
2220
2231
2225
2213
2207
2215
2214
2225
2213
2208
2216
2215
2212
2208
2221
2213
2219
2215
2207
2213
2207
2224
2212
2215
2207
2212
2220
2207
2214
2213
2228
2214
2213
2211
2212
2218
2214
2219
2207
2212
2216
2236
2229
2233
2239
2243
2245
2228
2233
2226
2238
2237
2238
2239
2236
2231
2228
2232
2225
2246
2236
2226
2232
2226
2242
2229
2276
2230
2234
2240
2227
2234
2227
2241
2235
2235
2226
2231
2241
2227
2236
2229
2235
2234
2232
2231
2230
2231
2235
2232
2228
2254
2245
2233
2234
2231
2230
2244
2234
2227
2235
2232
2234
2234
2230
2232
2231
2239
2227
2236
2233
2233
2234
2231
2233
2227
2241
2227
2235
2241
2227
2239
2229
2231
2239
2234
2246
2230
2233
2227
2232
2236
2232
2232
2233
2253
2230
2234
2228
2233
2243
2233
2233
2228
2232
2236
2231
2227
2240
2229
2239
2233
2225
2231
2236
2238
2228
2376
2281
2248
2232
2227
2235
2237
2259
2228
2235
2232
2227
2254
2233
2239
2233
2240
2230
2228
2234
2234
2249
2227
2242
2207
2211
2225
2205
2208
2205
2208
2212
2516
2243
2204
2259
2207
2210
2204
2211
2222
2208
2208
2206
2207
2223
2208
2206
2211
2205
2226
2213
2207
2207
2213
2208
2206
2210
2203
2217
2209
2205
2210
2205
2214
2203
2207
2203
2222
2221
2210
2206
2204
2206
2213
2208
2206
2205
2203
2218
2211
2202
2206
2215
2207
2205
2206
2205
2214
2272
2622
2211
2205
2228
2205
2208
2214
2204
2228
2204
2207
2202
2216
2204
2209
2207
2204
2214
2369
2226
2205
2211
2218
2225
2213
2213
2212
2225
2209
2206
2207
2204
2221
2211
2205
2211
2212
2209
2206
2208
2202
2215
2207
2205
2209
2204
2217
2205
2209
2204
2207
2219
2206
2210
2205
2208
2223
2208
2207
2207
2209
2211
2207
2205
2205
2213
2211
2206
2220
2208
2213
2208
2205
2205
2207
2218
2204
2214
2213
2204
2237
2212
2212
2219
2216
2204
2225
2232
2226
2227
2205
2210
2208
2207
2213
2217
2225
2205
2208
2212
2212
2208
2208
2213
2229
2212
2204
2211
2205
2218
2213
2218
2204
2223
2230
2208
2215
2215
2226
2218
2216
2207
2212
2222
2208
2220
2214
2212
2232
2215
2207
2210
2212
2225
2222
2211
2280
2232
2213
2208
2222
2225
2216
2212
2204
2209
2208
2215
2232
2229
2210
2209
2226
2203
2207
2216
2237
2204
2225
2239
2209
2230
2204
2219
2220
2214
2223
2210
2209
2207
2216
2219
2209
2211
2206
2223
2209
2212
2214
2214
2218
2210
2209
2206
2206
2224
2222
2210
2211
2239
2228
2211
2211
2215
2220
2220
2210
2211
2217
2210
2221
2219
2204
2224
2228
2209
2205
2203
2223
2222
2211
2206
2241
2256
2228
2223
2217
2357
2317
2232
2211
2205
2223
2273
2213
2208
2214
2277
2223
2214
2215
2227
2210
2221
2207
2212
2212
2213
2230
2205
2213
2211
2222
2214
2221
2250
2238
2237
2223
2216
2213
2213
2233
2232
2221
2207
2214
2215
2213
2212
2226
2223
2221
2217
2207
2214
2215
2226
2230
2213
2208
2219
2214
2205
2213
2219
2240
2212
2212
2208
2213
2230
2226
2237
2210
2221
2212
2214
2206
2213
2235
2246
2234
2240
2236
2237
2235
2245
2243
2240
2363
2240
2226
2233
2260
2227
2214
2208
2240
2233
2214
2204
2220
2223
2215
2211
2204
2213
2204
2225
2213
2213
2216
2203
2218
2206
2211
2223
2224
2216
2211
2211
2203
2219
2212
2220
2205
2209
2229
2209
2212
2200
2217
2223
2211
2206
2209
2204
2214
2224
2214
2211
2213
2213
2209
2210
2205
2222
2223
2204
2210
2266
2225
2211
2220
2204
2218
2232
2205
2210
2204
2260
2204
2213
2212
2210
2221
2229
2233
2227
2229
2237
2232
2228
2233
2233
2235
2233
2225
2233
2233
2231
2233
2227
2232
2228
2231
2229
2231
2228
2231
2233
2226
2301
2230
2232
2228
2232
2231
2252
2260
2229
2236
2229
2232
2227
2245
2249
2285
2232
2224
2235
2227
2231
2235
2240
2211
2203
2210
2203
2216
2213
2217
2206
2210
2212
2204
2210
2205
2221
2213
2210
2204
2210
2213
2203
2218
2215
2213
2203
2422
2264
2204
2212
2206
2212
2205
2210
2203
2208
2206
2203
2205
2211
2213
2205
2208
2216
2209
2207
2205
2205
2215
2207
2202
2293
2205
2235
2209
2204
2211
2213
2295
2205
2212
2211
2399
2227
2204
2207
2207
2235
2213
2214
2206
2208
2223
2205
2210
2207
2217
2222
2208
2205
2206
2230
2205
2226
2204
2211
2225
2212
2204
2208
2217
2231
2210
2205
2208
2206
2226
2213
2218
2206
2222
2209
2206
2208
2204
2221
2214
2214
2216
2203
2216
2204
2214
2212
2210
2214
2209
2215
2204
2209
2228
2225
2204
2212
2204
2216
2212
2213
2218
2204
2228
2202
2207
2205
2215
2214
2213
2212
2205
2215
2204
2208
2224
2217
2228
2205
2208
2205
2212
2213
2230
2223
2206
2217
2204
2211
2205
2225
2232
2209
2203
2210
2335
2222
2210
2226
2239
2202
2226
2204
2210
2209
2221
2236
2211
2212
2203
2211
2213
2210
2223
2222
2218
2219
2224
2207
2215
2249
2227
2210
2208
2210
2214
2214
2206
2224
2232
2215
2215
2207
2211
2215
2227
2224
2213
2211
2225
2214
2208
2213
2221
2255
2207
2244
2213
2208
2230
2223
2232
2207
2223
2207
2211
2211
2208
2235
2224
2212
2208
2214
2215
2215
2227
2225
2214
2212
2212
2222
2212
2232
2232
2223
2204
2209
2224
2212
2203
2224
2221
2228
2211
2201
2208
2204
2214
2215
2239
2230
2235
2251
2227
2232
2226
2231
2227
2235
2233
2227
2230
2228
2235
2228
2231
2227
2232
2230
2227
2232
2225
2240
2228
2230
2227
2232
2237
2227
2231
2227
2232
2225
2233
2238
2206
2211
2204
2209
2204
2208
2204
2207
2205
2212
2210
2205
2210
2207
2208
2203
2207
2206
2211
2214
2226
2240
2226
2234
2228
2234
2235
2229
2232
2227
2233
2225
2231
2226
2232
2235
2228
2235
2236
2234
2325
2240
2234
2229
2232
2244
2236
2228
2233
2227
2233
2233
2227
2249
2229
2234
2228
2232
2228
2232
2233
2238
2234
2227
2233
2227
2231
2233
2229
2231
2230
2231
2236
2234
2228
2234
2234
2229
2233
2228
2233
2232
2232
2227
2234
2232
2227
2231
2228
2234
2227
2232
2231
2230
2385
2285
2259
2231
2242
2235
2227
2234
2228
2232
2227
2253
2231
2243
2210
2205
2225
2207
2209
2204
2216
2205
2207
2208
2204
2219
2203
2209
2203
2205
2211
2208
2205
2206
2207
2226
2209
2205
2206
2205
2214
2208
2206
2206
2205
2224
2204
2207
2209
2229
2210
2205
2213
2201
2225
2205
2209
2203
2209
2212
2209
2211
2206
2232
2235
2233
2230
2235
2250
2226
2232
2226
2230
2234
2232
2227
2229
2229
2232
2234
2226
2229
2227
2242
2226
2232
2230
2233
2232
2225
2439
2309
2228
2213
2209
2211
2203
2231
2207
2208
2204
2206
2228
2205
2208
2205
2220
2204
2211
2203
2206
2214
2204
2208
2204
2207
2215
2216
2204
2209
2206
2212
2212
2204
2209
2205
2221
2204
2208
2207
2205
2233
2203
2207
2204
2207
2223
2223
2230
2207
2216
2205
2209
2201
2210
2226
2227
2212
2204
2209
2212
2208
2219
2228
2206
2217
2221
2229
2216
2217
2221
2215
2212
2207
2220
2209
2208
2220
2213
2219
2218
2215
2208
2210
2222
2213
2217
2207
2212
2216
2213
2207
2220
2220
2220
2210
2208
2210
2208
2210
2212
2220
2247
2208
2215
2207
2212
2214
2221
2208
2214
2209
2221
2216
2208
2217
2214
2217
2207
2215
2216
2208
2297
2217
2313
2365
2225
2218
2205
2213
2260
2237
2233
2235
2226
2311
2284
2232
2243
2236
2231
2227
2233
2232
2229
2238
2235
2236
2231
2232
2227
2229
2231
2236
2231
2294
2509
2208
2214
2209
2212
2213
2209
2210
2205
2212
2210
2237
2221
2204
2213
2210
2209
2204
2225
2226
2210
2209
2203
2206
2209
2210
2228
2226
2211
2224
2214
2208
2211
2229
2233
2205
2215
2208
2219
2214
2208
2265
2211
2221
2205
2211
2206
2221
2228
2222
2210
2208
2225
2204
2210
2212
2235
2228
2205
2214
2209
2208
2215
2221
2220
2213
2221
2205
2212
2209
2224
2239
2217
2204
2213
2209
2213
2211
2221
2227
2252
2347
2209
2209
2206
2228
2231
2206
2223
2205
2228
2209
2206
2223
2222
2223
2207
2212
2204
2209
2232
2226
2212
2203
2218
2208
2210
2204
2220
2237
2232
2235
2225
2232
2239
2246
2242
2238
2232
2237
2231
2228
2233
2247
2257
2238
2226
2231
2238
2231
2239
2251
2229
2240
2232
2227
2233
2229
2249
2216
2208
2207
2205
2229
2203
2224
2220
2218
2233
2234
2232
2225
2252
2252
2237
2228
2234
2230
2233
2231
2241
2250
2231
2232
2226
2233
2236
2237
2267
2227
2267
2225
2234
2226
2233
2249
2247
2235
2228
2234
2226
2231
2249
2245
2235
2228
2232
2227
2235
2226
2247
2240
2226
2236
2227
2231
2227
2243
2235
2229
2233
2225
2239
2410
2372
2217
2219
2214
2207
2215
2207
2213
2212
2234
2214
2216
2213
2205
2212
2234
2234
2208
2214
2207
2212
2214
2205
2229
2225
2216
2206
2211
2208
2214
2227
2271
2261
2279
2218
2203
2210
2209
2264
2240
2204
2209
2204
2217
2207
2235
2233
2208
2208
2207
2209
2205
2207
2219
2227
2214
2206
2208
2203
2207
2222
2225
2204
2209
2208
2203
2226
2202
2226
2224
2209
2207
2209
2209
2205
2225
2223
2212
2205
2213
2203
2208
2210
2219
2229
2205
2210
2217
2215
2207
2309
2388
2208
2209
2204
2210
2221
2209
2221
2212
2214
2216
2213
2215
2214
2207
2228
2214
2208
2216
2207
2232
2206
2217
2228
2243
2234
2227
2234
2227
2247
2227
2234
2228
2233
2240
2227
2237
2226
2232
2237
2230
2226
2232
2230
2242
2234
2229
2233
2235
2230
2232
2232
2232
2235
2234
2229
2233
2227
2236
2241
2228
2233
2226
2239
2238
2232
2240
2236
2229
2225
2232
2228
2241
2227
2240
2233
2226
2239
2223
2229
2226
2239
2226
2231
2229
2228
2232
2228
2242
2227
2237
2234
2227
2230
2226
2229
2232
2233
2226
2263
2234
2227
2232
2232
2232
2226
2233
2229
2232
2243
2227
2240
2228
2232
2225
2231
2232
2228
2238
2226
2232
2227
2234
2229
2229
2234
2232
2237
2226
2237
2228
2267
2440
2242
2246
2232
2234
2227
2234
2227
2278
2240
2231
2231
2227
2233
2225
2232
2246
2233
2232
2260
2548
2215
2228
2210
2212
2219
2204
2209
2206
2212
2212
2212
2219
2207
2214
2216
2210
2207
2211
2213
2218
2251
2210
2212
2208
2220
2206
2223
2212
2223
2221
2208
2210
2207
2227
2207
2214
2206
2212
2221
2208
2218
2214
2213
2217
2212
2207
2226
2221
2214
2213
2205
2213
2217
2216
2206
2213
2219
2410
2219
2205
2209
2206
2241
2212
2213
2209
2215
2210
2208
2206
2213
2216
2215
2207
2209
2205
2219
2203
2215
2206
2208
2212
2210
2207
2211
2217
2215
2214
2217
2211
2205
2216
2219
2209
2215
2204
2220
2205
2208
2208
2224
2210
2203
2212
2205
2220
2203
2218
2211
2210
2218
2206
2209
2204
2208
2245
2234
2233
2232
2241
2228
2236
2230
2236
2238
2238
2232
2229
2231
2237
2236
2228
2231
2227
2241
2232
2228
2233
2240
2231
2392
2239
2234
2239
2236
2234
2233
2234
2240
2228
2238
2234
2227
2243
2226
2233
2228
2233
2231
2236
2245
2260
2213
2208
2211
2202
2223
2240
2227
2337
2258
2234
2226
2233
2237
2240
2234
2225
2230
2226
2234
2235
2242
2231
2228
2232
2227
2232
2227
2238
2234
2232
2229
2227
2233
2229
2240
2236
2234
2233
2227
2231
2228
2324
2281
2224
2215
2216
2213
2208
2212
2209
2218
2214
2214
2208
2211
2207
2209
2220
2208
2211
2208
2212
2211
2288
2219
2212
2217
2205
2210
2207
2210
2217
2228
2211
2208
2211
2208
2221
2207
2219
2217
2221
2213
2208
2293
2208
2242
2212
2221
2222
2204
2229
2201
2210
2216
2214
2213
2212
2212
2205
2225
2211
2218
2209
2233
2247
2232
2236
2227
2239
2240
2234
2230
2233
2226
2238
2241
2232
2232
2235
2234
2230
2233
2230
2240
2244
2227
2231
2227
2245
2228
2237
2240
2240
2300
2228
2235
2226
2237
2235
2233
2234
2226
2234
2226
2232
2232
2240
2232
2227
2233
2227
2232
2252
2242
2227
2236
2233
2227
2234
2228
2241
2235
2232
2312
2350
2241
2224
2265
2235
2236
2233
2225
2233
2231
2232
2238
2236
2238
2236
2232
2228
2230
2240
2235
2226
2235
2224
2231
2233
2233
2233
2231
2230
2225
2234
2230
2230
2237
2226
2232
2227
2232
2227
2229
2237
2230
2232
2228
2240
2232
2231
2227
2240
2234
2229
2232
2226
2229
2230
2239
2232
2228
2235
2230
2231
2228
2232
2234
2232
2233
2227
2262
2229
2232
2235
2232
2228
2232
2241
2226
2232
2236
2232
2227
2230
2235
2226
2231
2231
2237
2227
2233
2227
2230
2232
2226
2238
2229
2232
2225
2239
2227
2227
2233
2390
2266
2225
2215
2210
2214
2213
2218
2215
2212
2215
2216
2214
2208
2209
2210
2214
2211
2224
2225
2208
2221
2208
2216
2213
2207
2221
2208
2212
2208
2219
2207
2213
2208
2207
2220
2208
2219
2207
2212
2213
2213
2210
2208
2212
2234
2213
2212
2214
2231
2218
2217
2214
2210
2216
2217
2207
2218
2215
2221
2218
2208
2212
2205
2217
2208
2213
2238
2233
2237
2225
2231
2227
2233
2235
2236
2231
2232
2238
2226
2230
2227
2239
2233
2234
2230
2226
2233
2233
2238
2227
2232
2234
2232
2236
2231
2233
2234
2231
2230
2231
2234
2227
2232
2233
2230
2227
2234
2229
2233
2231
2229
2238
2226
2237
2227
2227
2226
2230
2240
2227
2232
2226
2234
2226
2232
2233
2233
2233
2225
2233
2231
2233
2227
2235
2231
2227
2235
2230
2231
2227
2230
2244
2231
2234
2226
2233
2226
2231
2234
2240
2231
2228
2233
2227
2231
2239
2239
2228
2229
2231
2227
2233
2227
2236
2234
2233
2239
2285
2342
2231
2259
2239
2233
2227
2233
2234
2228
2234
2235
2239
2232
2232
2231
2227
2240
2233
2233
2282
2239
2226
2260
2249
2233
2232
2224
2232
2234
2233
2230
2227
2239
2234
2233
2228
2232
2228
2239
2241
2228
2231
2229
2240
2231
2229
2228
2248
2233
2228
2231
2227
2238
2223
2241
2413
2274
2238
2227
2234
2225
2242
2231
2206
2216
2204
2215
2206
2215
2212
2219
2226
2204
2217
2206
2209
2222
2217
2203
2210
2209
2223
2207
2203
2215
2223
2212
2204
2214
2207
2213
2209
2214
2209
2203
2215
2244
2212
2241
2213
2243
2205
2214
2208
2218
2204
2217
2219
2205
2215
2203
2205
2206
2207
2214
2220
2229
2204
2213
2204
2209
2207
2220
2209
2231
2233
2228
2236
2226
2238
2236
2234
2230
2238
2234
2228
2241
2235
2233
2226
2233
2230
2232
2234
2234
2244
2234
2285
2229
2239
2234
2235
2258
2227
2242
2227
2232
2407
2341
2237
2225
2233
2228
2238
2226
2231
2252
2230
2227
2229
2235
2227
2235
2239
2227
2234
2229
2233
2230
2233
2229
2243
2234
2227
2230
2228
2229
2225
2239
2231
2230
2237
2229
2232
2230
2229
2232
2234
2240
2230
2231
2227
2245
2236
2231
2227
2229
2232
2227
2231
2225
2233
2229
2230
2233
2225
2231
2231
2229
2225
2233
2236
2235
2231
2244
2395
2669
2211
2226
2203
2206
2205
2208
2222
2213
2211
2207
2221
2209
2211
2202
2207
2222
2208
2204
2207
2234
2228
2208
2203
2207
2201
2226
2209
2211
2212
2211
2223
2206
2205
2204
2207
2227
2213
2206
2205
2222
2210
2276
2206
2221
2224
2217
2363
2239
2237
2243
2235
2238
2339
2213
2223
2214
2205
2213
2263
2214
2214
2212
2220
2223
2210
2213
2215
2205
2226
2244
2705
2513
2232
2223
2203
2208
2209
2221
2209
2205
2217
2211
2219
2204
2213
2206
2204
2226
2212
2208
2205
2206
2213
2208
2242
2237
2239
2228
2239
2318
2235
2227
2240
2240
2227
2232
2227
2234
2228
2228
2238
2235
2231
2227
2232
2226
2232
2234
2239
2230
2227
2230
2227
2232
2227
2239
2232
2236
2232
2229
2229
2228
2236
2232
2232
2448
2660
2211
2204
2219
2212
2213
2216
2205
2207
2207
2207
2213
2217
2205
2212
2214
2212
2208
2209
2217
2209
2209
2201
2208
2214
2205
2216
2211
2217
2208
2209
2204
2208
2220
2212
2208
2201
2208
2212
2207
2206
2213
2219
2205
2207
2202
2215
2207
2213
2212
2208
2215
2203
2208
2206
2208
2212
2215
2205
2210
2208
2207
2211
2413
2219
2209
2209
2203
2207
2211
2208
2215
2210
2209
2208
2210
2206
2210
2218
2213
2209
2204
2217
2209
2206
2205
2214
2232
2289
2207
2205
2224
2209
2215
2213
2211
2214
2206
2206
2201
2214
2215
2215
2205
2208
2222
2309
2228
2222
2221
2205
2209
2203
2226
2210
2206
2217
2204
2226
2207
3915
2655
2235
2204
2209
2201
2277
2273
2212
2202
2218
2215
2204
2211
2227
2209
2203
2213
2204
2210
2323
2206
2207
2204
2208
2214
2210
2214
2210
2211
2206
2214
2213
2210
2204
2208
2205
2207
2211
2205
2216
2204
2207
2204
2208
2205
2210
2216
2205
2208
2206
2210
2205
2210
2205
2234
2217
2262
2275
2225
2214
2210
2238
2232
2250
2241
2230
2233
2226
2249
2247
2236
2235
2226
2249
2231
2235
2235
2253
2230
2232
2232
2228
2240
2235
2233
2225
2232
2257
2229
2234
2225
2244
2244
2231
2226
2232
2252
2227
2249
2228
2239
2253
2235
2232
2228
2242
2243
2235
2227
2236
2231
2241
2233
2232
2236
2226
2261
2228
2236
2236
2242
2241
2229
2239
2224
2251
2227
2239
2243
2227
2244
2226
2236
2228
2231
2239
2231
2234
2228
2242
2227
2237
2227
2239
2244
2226
2234
2227
2231
2246
2242
2227
2231
2235
2227
2235
2227
2232
2233
2236
2228
2233
2235
2228
2236
2235
2234
2232
2244
2234
2226
2233
2228
2240
2231
2233
2228
2237
2231
2228
2237
2225
2237
2227
2234
2232
2230
2236
2225
2232
2226
2230
2227
2232
2230
2233
2231
2227
2239
2228
2227
2226
2237
2229
2228
2234
2226
2231
2226
2261
2242
2226
2236
2227
2233
2226
2233
2237
2232
2232
2225
2229
2226
2232
2227
2241
2228
2230
2232
2226
2230
2225
2238
2227
2234
2231
2226
2232
2227
2232
2249
2235
2273
2320
2243
2228
2233
2236
2235
2234
2231
2234
2228
2233
2232
2231
2246
2244
2504
2303
2214
2204
2223
2223
2251
2206
2211
2211
2220
2220
2212
2210
2221
2208
2206
2208
2208
2219
2221
2203
2206
2204
2217
2204
2215
2212
2205
2234
2210
2210
2205
2224
2213
2212
2208
2206
2225
2204
2214
2213
2206
2222
2209
2209
2204
2208
2212
2215
2204
2207
2205
2225
2208
2204
2214
2206
2219
2205
2208
2206
2216
2210
2238
2213
2321
2240
2203
2213
2205
2243
2276
2208
2220
2207
2211
2224
2211
2224
2219
2237
2376
2212
2206
2211
2235
2221
2212
2206
2223
2224
2213
2212
2219
2212
2230
2213
2206
2217
2214
2220
2213
2212
2210
2219
2212
2207
2219
2214
2220
2207
2215
2209
2217
2221
2213
2223
2207
2217
2226
2212
2208
2217
2225
2207
2215
2206
2214
2214
2212
2217
2219
2212
2214
2216
2206
2213
2217
2303
2460
2229
2330
2261
2237
2227
2269
2252
2236
2240
2227
2234
2227
2259
2246
2237
2234
2227
2241
2228
2248
2246
2244
2230
2235
2233
2228
2242
2242
2249
2227
2236
2241
2227
2232
2267
2251
2236
2232
2226
2232
2246
2227
2247
2245
2236
2235
2232
2234
2228
2245
2254
2233
2228
2235
2227
2241
2244
2214
2214
2205
2230
2205
2217
2202
2303
2243
2204
2328
2247
2243
2205
2236
2238
2206
2231
2206
2213
2204
2214
2228
2232
2212
2208
2221
2206
2216
2222
2232
2214
2213
2213
2207
2212
2213
2227
2227
2216
2209
2221
2214
2207
2225
2231
2215
2208
2213
2208
2218
2214
2225
2228
2208
2219
2208
2214
2210
2215
2229
2208
2212
2208
2221
2208
2212
2219
2217
2221
2208
2217
2206
2218
2238
2223
2213
2208
2211
2216
2211
2208
2216
2219
2220
2232
2208
2214
2208
2240
2223
2211
2206
2224
2214
2208
2212
2213
2229
2206
2211
2208
2212
2220
2282
2256
2227
2233
2248
2233
2249
2233
2264
2241
2236
2226
2235
2236
2233
2249
2260
2234
2238
2234
2226
2232
2241
2261
2237
2228
2230
2233
2233
2225
2244
2289
2301
2257
2228
2231
2226
2285
2258
2228
2238
2237
2237
2228
2233
2245
2256
2234
2226
2233
2227
2240
2242
2252
2234
2228
2240
2226
2230
2240
2261
2225
2233
2232
2227
2230
2227
2249
2244
2233
2236
2231
2232
2225
2246
2245
2234
2226
2230
2230
2226
2239
2208
2211
2203
2212
2204
2208
2209
2203
2207
2202
2207
2202
2210
2203
2211
2239
2206
2208
2203
2209
2205
2205
2217
2210
2211
2228
2237
2227
2231
2226
2231
2226
2230
2229
2226
2233
2228
2230
2228
2233
2227
2231
2232
2225
2231
2225
2234
2227
2277
2295
2229
2231
2226
2235
2235
2234
2228
2230
2232
2237
2233
2228
2230
2243
2265
2237
2242
2235
2228
2246
2230
2236
2226
2235
2243
2228
2230
2228
2242
2226
2232
2225
2230
2241
2225
2235
2227
2231
2266
2253
2237
2227
2242
2311
2235
2229
2230
2225
2232
2231
2229
2234
2227
2228
2229
2231
2233
2229
2235
2228
2233
2227
2231
2228
2233
2231
2230
2233
2226
2233
2227
2229
2228
2231
2232
2226
2238
2238
2233
2224
2229
2232
2227
2234
2234
2244
2229
2236
2227
2231
2231
2236
2251
2227
2232
2229
2236
2226
2231
2248
2235
2233
2227
2232
2227
2232
2237
2236
2237
2225
2229
2228
2231
2237
2243
2231
2227
2231
2229
2235
2229
2240
2241
2226
2234
2228
2234
2226
2239
2236
2231
2232
2231
2230
2226
2231
2233
2238
2228
2231
2233
2225
2232
2235
2240
2227
2231
2230
2233
2239
2226
2239
2233
2232
2226
2238
2233
2228
2233
2226
2232
2230
2237
2232
2232
2230
2227
2293
2349
2264
2227
2231
2232
2255
2233
2227
2238
2226
2232
2231
2235
2230
2225
2233
2227
2231
2226
2231
2260
2226
2231
2226
2257
2228
2231
2229
2232
2230
2229
2234
2234
2231
2230
2236
2209
2203
2209
2206
2210
2204
2208
2212
2208
2208
2207
2205
2203
2208
2205
2223
2207
2235
2305
2210
2213
2205
2219
2216
2212
2206
2213
2211
2215
2225
2207
2213
2206
2214
2206
2211
2215
2212
2211
2206
2211
2207
2211
2207
2310
2212
2207
2213
2207
2215
2207
2218
2212
2214
2211
2206
2213
2207
2215
2226
2210
2205
2213
2207
2204
2216
2211
2216
2204
2210
2205
2206
2207
2204
2218
2220
2212
2202
2208
2203
2210
2213
2215
2209
2202
2207
2204
2207
2214
2209
2212
2210
2213
2207
2214
2208
2211
2213
2213
2206
2211
2209
2208
2211
2207
2218
2207
2215
2207
2212
2210
2206
2219
2227
2234
2227
2233
2231
2236
2234
2229
2248
2226
2229
2227
2233
2237
2230
2233
2228
2247
2231
2504
2224
2207
2328
2428
2215
2209
2209
2204
2229
2222
2208
2209
2210
2211
2207
2214
2216
2208
2210
2214
2213
2208
2211
2208
2214
2212
2207
2429
2751
2552
2275
2374
2504
2504
2356
2455
2319
2418
2620
2518
2640
2699
2712
2622
2470
2341
2233
2422
2229
2688
2543
2396
2342
2540
2782
2754
2722
2741
2533
2312
2218
2207
2212
2296
2577
2800
2754
2448
2347
2257
2342
2540
2332
2260
2286
2387
2283
2452
2491
2264
2271
2346
2290
2289
2289
2577
2255
2704
2752
2646
2312
2557
2351
2237
2336
2258
2220
2421
2589
2255
2284
2405
2339
2297
2343
2585
2676
2637
2270
2359
2263
2565
2506
2265
2364
2315
2334
2316
2502
2811
2333
2243
2231
2214
2254
2438
2315
2270
2370
2262
2236
2328
2378
2481
2242
2280
2254
2268
2279
2713
2411
2319
2267
2240
2217
2246
2413
2562
2309
2254
2236
2239
2252
2436
2431
2246
2240
2235
2250
2226
2374
2612
2245
2288
2238
2245
2227
2263
2490
2254
2291
2236
2245
2228
2409
2513
2604
2426
2219
2218
2214
2320
2506
2657
2369
2223
2213
2216
2330
2561
2305
2274
2222
2233
2220
2320
2534
2709
2383
2220
2223
2209
2325
2457
2632
2403
2214
2215
2206
2309
2591
2304
2263
2214
2227
2223
2235
2476
2241
2223
2229
2238
2204
2229
2339
2654
2240
2212
2231
2226
2214
2314
2612
2297
2245
2254
2274
2229
2392
2524
2409
2226
2206
2230
2206
2380
2715
2257
2231
2212
2233
2207
2348
2595
2283
2260
2257
2255
2238
2353
2581
2243
2225
2242
2236
2230
2389
2584
2340
2233
2240
2218
2217
2239
2457
2241
2245
2246
2232
2267
2321
2396
2494
2232
2261
2230
2266
2267
2325
2388
2339
2246
2230
2251
2239
2333
2428
2362
2243
2237
2235
2234
2343
2438
2347
2252
2233
2253
2242
2324
2388
2375
2229
2402
2237
2236
2343
2392
2324
2262
2241
2231
2240
2279
2404
2465
2312
2217
2205
2216
2235
2391
2709
3889
2210
2214
2207
2272
2442
2328
2249
2215
2217
2226
2309
2371
2299
2338
2214
2211
2246
2295
2382
2409
2374
2218
2242
2208
2213
2400
2359
2338
2229
2233
2209
2208
2337
2283
2569
2341
2633
2452
2271
2457
2403
2406
2778
2851
2749
2816
2844
2678
2348
2481
2432
2367
2266
2237
2271
2261
2284
2731
2356
2316
2327
2249
2260
2300
2368
2326
2253
2228
2236
2253
2248
2323
2327
2252
2241
2236
2232
2226
2321
2372
2255
2228
2234
2246
2228
2299
2267
2360
2234
2240
2235
2231
2253
2385
2249
2232
2233
2249
2228
2231
2518
2280
2221
2216
2214
2203
2224
2349
2426
2206
2221
2229
2206
2218
2219
2403
2212
2227
2209
2242
2243
2204
2310
2307
2246
2229
2242
2235
2229
2306
2358
2242
2226
2240
2247
2231
2253
2315
2238
2241
2233
2232
2229
2233
2296
2252
2230
2235
2231
2242
2239
2255
2254
2241
2232
2234
2236
2235
2251
2254
2257
2235
2229
2242
2230
2231
2252
2245
2236
2228
2232
2230
2246
2247
2263
2238
2228
2245
2224
2234
2229
2245
2253
2226
2234
2227
2233
2227
2245
2255
2229
2234
2232
2442
2233
2258
2264
2227
2244
2228
2231
2226
2232
2240
2250
2235
2228
2273
2229
2235
2242
2245
2237
2226
2233
2363
2256
2226
2242
2236
2464
2480
2223
2215
2289
2321
2240
2210
2239
2217
2210
2240
2248
2236
2206
2210
2292
2246
2217
2209
2225
2234
2217
2212
2209
2204
2214
2219
2236
2202
2212
2211
2206
2234
2203
2234
2216
2220
2230
2213
2213
2208
2238
2225
2213
2229
2249
2236
2235
2246
2244
2237
2235
2232
2227
2232
2240
2241
2251
2229
2232
2238
2233
2228
2245
2250
2237
2235
2227
2231
2225
2240
2248
2243
2232
2236
2231
2226
2232
2242
2256
2231
2231
2231
2232
2345
2209
2233
2221
2430
2264
2230
2235
2255
2293
2260
2228
2243
2230
2233
2227
2254
2244
2236
2233
2231
2235
2229
2233
2241
2250
2234
2227
2231
2227
2233
2240
2249
2227
2232
2230
2227
2232
2241
2250
2228
2233
2227
2227
2365
2230
2252
2251
2233
2226
2240
2233
2228
2247
2246
2235
2228
2332
2233
2225
2231
2241
2251
2229
2231
2227
2233
2237
2241
2251
2229
2233
2227
2255
2234
2243
2249
2228
2262
2228
2234
2229
2231
2248
2246
2234
2228
2233
2226
2234
2254
2249
2236
2316
2247
2245
2234
2254
2296
2276
2229
2236
2234
2233
2238
2254
2253
2229
2232
2239
2232
2373
2246
2235
2204
2223
2203
2210
2207
2209
2219
2230
2212
2204
2209
2205
2208
2218
2227
2203
2208
2205
2204
2220
2206
2225
2226
2212
2214
2211
2217
2217
2234
2225
2212
2208
2211
2217
2234
2224
2234
2230
2225
2212
2211
2212
2207
2244
2230
2208
2214
2207
2219
2208
2212
2224
2238
2232
2208
2212
2207
2221
2220
2230
2209
2215
2220
2208
2211
2207
2224
2230
2215
2207
2212
2234
2207
2227
2224
2213
2215
2213
2208
2212
2222
2228
2232
2207
2211
2210
2218
2213
2223
2228
2214
2222
2207
2211
2235
2242
2248
2246
2233
2230
2249
2226
2243
2278
2270
2246
2227
2231
2226
2238
2241
2250
2231
2226
2242
2227
2254
2229
2248
2246
2236
2232
2226
2231
2245
2239
2235
2233
2249
2230
2231
2226
2234
2242
2239
2227
2233
2232
2235
2232
2233
2242
2229
2238
2233
2225
2230
2236
2254
2238
2232
2226
2237
2234
2226
2247
2243
2244
2226
2242
2225
2245
2265
2247
2233
2227
2229
2244
2233
2231
2245
2257
2224
2235
2230
2235
2234
2247
2254
2230
2232
2247
2232
2225
2232
2249
2251
2233
2256
2243
2236
2232
2241
2251
2235
2233
2233
2227
2233
2239
2257
2234
2227
2232
2229
2254
2230
2248
2246
2243
2232
2226
2235
2226
2257
2246
2234
2232
2232
2221
2205
2393
2285
2274
2241
2227
2233
2226
2241
2241
2256
2229
2233
2299
2230
2232
2243
2273
2225
2234
2231
2226
2239
2227
2247
2243
2232
2237
2234
2233
2244
2247
2253
2233
2227
2231
2230
2277
2234
2244
2260
2243
2307
2458
2205
2209
2242
2234
2204
2214
2205
2219
2209
2220
2229
2204
2228
2204
2206
2203
2212
2223
2224
2212
2204
2218
2205
2209
2217
2228
2219
2204
2208
2205
2209
2251
2250
2246
2232
2239
2228
2233
2229
2247
2242
2231
2231
2225
2233
2235
2234
2234
2250
2227
2241
2234
2227
2232
2251
2251
2226
2235
2225
2240
2232
2225
2248
2239
2248
2228
2232
2232
2226
2255
2247
2234
2226
2240
2226
2246
2248
2246
2243
2227
2234
2228
2232
2241
2240
2249
2229
2240
2240
2232
2228
2247
2250
2236
2232
2227
2233
2235
2232
2246
2246
2235
2236
2233
2227
2232
2238
2258
2231
2230
2230
2227
2243
